487.332
414.103
874.703
447.7
977.259
386.604
169.945
411.997
518.474
280.387
754.65
739.188
126.34
280.935
959.738
198.181
503.548
671.535
219.306
198.712
417.242
582.95
856.815
97.1637
400.138
396.359
946.184
636.062
607.401
392.644
568.948
757.819
940.966
20.9807
270.19
555.214
161.988
809.368
458.481
987.33
473.019
95.2158
694.285
188.71
483.64
411.333
370.571
960.24
623.27
829.769
998.518
319.315
360.517
157.269
571.885
65.0377
996.94
829.631
673.942
621.908
959.346
617.5
956.404
222.917
827.781
622.402
264.817
329.458
662.583
901.857
360.216
101.127
951.915
848.312
334.251
145.027
32.2387
294.078
628.247
401.629
434.933
609.178
229.504
417.718
575.419
402.52
387.007
922.983
85.3069
321.659
727.302
548.962
185.19
386.73
282.927
405.58
776.354
139.061
860.306
712.776
667.831
30.5685
251.121
370.084
792.692
470.469
271.918
562.61
347.862
684.846
713.592
361.363
356.497
661.802
799.59
291.328
453.566
472.332
552.028
665.955
