3
14
15
22
28
38
40
40
48
48
55
57
58
67
67
74
76
76
88
98
102
111
114
127
130
133
139
143
165
172
173
183
186
186
186
188
194
204
216
217
220
229
231
244
245
248
253
256
261
263
267
270
277
278
283
286
286
298
308
310
310
317
321
323
327
332
339
344
344
347
357
360
365
370
372
384
385
392
392
398
399
400
401
403
403
404
406
416
420
427
436
437
440
443
447
449
450
452
458
459
463
464
465
473
476
484
493
501
504
506
506
512
514
516
519
523
530
533
536
540
547
548
549
551
552
554
558
561
565
571
579
579
583
586
587
593
593
594
600
613
618
620
622
623
627
630
634
638
644
648
650
661
661
665
666
668
678
682
687
692
703
703
706
710
712
728
728
731
733
733
738
739
741
743
746
749
757
759
771
772
773
777
777
783
791
799
802
805
819
820
824
830
834
835
841
857
858
865
865
865
869
871
873
879
880
884
885
892
912
914
916
919
925
933
936
938
941
942
942
943
943
944
952
958
962
962
964
966
968
970
970
976
978
979
981
988
990
990
994
996
996
998
1005
1008
1009
1015
1016
1020
1022
1026
1029
1031
1035
1036
1040
1040
1041
1044
1045
1047
1053
1055
1058
1058
1059
1060
1062
1065
1067
1071
1072
1076
1083
1083
1083
1083
1094
1101
1116
1123
1127
1131
1134
1137
1137
1149
1154
1171
1172
1182
1184
1191
1195
1198
1199
1203
1215
1221
1223
1223
1232
1234
1243
1247
1253
1254
1257
1258
1259
1268
1277
1277
1279
1281
1283
1286
1295
1300
1302
1305
1306
1311
1320
1322
1326
1335
1343
1345
1346
1356
1359
1366
1370
1373
1374
1378
1388
1390
1400
1404
1408
1411
1412
1423
1434
1449
1453
1454
1456
1466
1469
1472
1474
1489
1492
1492
1493
1496
1501
1502
1502
1503
1503
1510
1510
1515
1517
1526
1529
1530
1531
1537
1556
1560
1567
1567
1568
1571
1583
1592
1597
1598
1603
1607
1611
1612
1616
1623
1624
1626
1627
1627
1641
1649
1650
1661
1661
1662
1665
1666
1670
1670
1673
1680
1684
1685
1692
1693
1694
1698
1700
1700
1713
1713
1716
1716
1716
1718
1719
1722
1723
1723
1731
1734
1741
1743
1745
1751
1757
1759
1760
1763
1768
1770
1771
1774
1779
1782
1787
1787
1788
1790
1790
1790
1795
1802
1804
1809
1810
1815
1816
1817
1824
1824
1824
1825
1828
1829
1832
1839
1839
1845
1848
1863
1866
1870
1872
1873
1874
1875
1876
1877
1877
1879
1885
1896
1897
1899
1909
1917
1919
1919
1921
1924
1932
1940
1942
1944
1947
1948
1949
1954
1962
1968
1979
1982
1984
1993
1994
1999
1999
1999
2004
2006
2007
2009
2015
2017
2022
2025
2043
2044
2044
2050
2055
2058
2059
2068
2070
2074
2074
2083
2084
2088
2090
2094
2095
2098
2100
2100
2109
2109
2110
2112
2122
2137
2139
2144
2151
2155
2157
2162
2166
2168
2172
2174
2174
2178
2181
2184
2202
2202
2226
2233
2234
2239
2242
2243
2247
2255
2258
2264
2265
2269
2272
2276
2277
2279
2285
2286
2287
2288
2290
2301
2301
2304
2313
2313
2315
2317
2318
2319
2328
2334
2335
2336
2338
2338
2339
2340
2342
2348
2359
2367
2372
2376
2378
2382
2389
2397
2416
2417
2418
2430
2431
2432
2435
2436
2437
2438
2439
2439
2442
2451
2452
2465
2465
2475
2475
2487
2488
2496
2499
2499
2500
2506
2507
2507
2512
2513
2516
2519
2520
2530
2530
2530
2531
2533
2539
2548
2555
2564
2565
2565
2573
2576
2580
2583
2586
2590
2590
2594
2596
2596
2600
2614
2623
2625
2632
2632
2632
2642
2643
2646
2657
2666
2670
2673
2676
2677
2678
2678
2678
2681
2684
2694
2696
2710
2716
2718
2719
2722
2723
2729
2733
2736
2740
2745
2749
2751
2755
2762
2763
2771
2774
2788
2792
2793
2803
2804
2806
2806
2818
2821
2829
2831
2841
2846
2855
2855
2859
2859
2861
2863
2871
2872
2874
2877
2881
2883
2897
2904
2904
2914
2914
2918
2920
2929
2944
2954
2955
2956
2961
2965
2974
2986
2987
2992
2996
3001
3003
3006
3007
3015
3017
3023
3027
3029
3030
3035
3041
3047
3048
3060
3073
3074
3081
3083
3084
3085
3090
3095
3102
3114
3115
3115
3116
3119
3122
3123
3128
3129
3130
3136
3138
3142
3148
3152
3153
3156
3156
3158
3167
3173
3179
3189
3191
3198
3204
3204
3206
3206
3207
3212
3216
3217
3218
3222
3223
3225
3227
3229
3232
3232
3233
3236
3237
3240
3247
3250
3254
3258
3262
3263
3272
3275
3276
3278
3283
3293
3298
3299
3301
3305
3320
3320
3320
3320
3321
3332
3332
3340
3349
3350
3357
3358
3361
3361
3362
3364
3374
3380
3388
3400
3400
3407
3407
3412
3412
3416
3422
3425
3426
3427
3428
3431
3447
3447
3454
3456
3457
3466
3472
3483
3490
3491
3494
3501
3503
3504
3505
3520
3523
3526
3542
3549
3552
3564
3566
3568
3571
3573
3588
3592
3602
3609
3611
3612
3616
3617
3622
3628
3628
3629
3636
3637
3640
3641
3643
3648
3649
3650
3657
3657
3660
3660
3664
3665
3666
3666
3669
3669
3674
3674
3680
3683
3688
3690
3691
3695
3700
3702
3703
3709
3710
3714
3718
3721
3726
3735
3736
3739
3739
3743
3743
3744
3744
3744
3749
3754
3755
3758
3759
3760
3761
3763
3764
3765
3769
3769
3786
3786
3795
3798
3802
3806
3812
3816
3829
3829
3838
3841
3848
3850
3855
3856
3861
3866
3871
3872
3881
3883
3885
3887
3888
3890
3894
3899
3901
3901
3904
3906
3917
3921
3928
3931
3936
3937
3938
3946
3946
3957
3961
3966
3968
3969
3977
3979
3983
4010
4020
4024
4044
4050
4052
4056
4058
4059
4070
4072
4072
4077
4078
4078
4084
4089
4105
4110
4113
4118
4125
4131
4134
4144
4151
4157
4158
4164
4166
4167
4168
4169
4171
4182
4183
4183
4185
4186
4189
4189
4189
4190
4195
4198
4201
4206
4208
4219
4220
4225
4232
4233
4237
4240
4243
4248
4255
4258
4261
4273
4287
4287
4290
4297
4300
4305
4309
4315
4322
4328
4330
4330
4338
4341
4343
4344
4348
4350
4351
4351
4358
4359
4359
4359
4372
4372
4373
4374
4384
4387
4397
4400
4400
4408
4415
4419
4421
4423
4438
4441
4447
4454
4468
4474
4476
4477
4480
4481
4486
4487
4493
4496
4498
4502
4519
4520
4521
4523
4525
4525
4540
4541
4544
4547
4548
4548
4549
4556
4561
4566
4567
4569
4569
4572
4575
4594
4594
4600
4601
4601
4608
4612
4613
4623
4628
4630
4633
4641
4641
4643
4646
4663
4678
4685
4686
4688
4688
4690
4691
4692
4694
4696
4702
4703
4703
4707
4713
4716
4727
4728
4741
4747
4751
4755
4758
4761
4763
4763
4770
4772
4784
4786
4792
4792
4795
4802
4804
4811
4812
4820
4825
4830
4831
4832
4843
4846
4849
4850
4851
4853
4855
4856
4860
4864
4870
4871
4872
4875
4879
4879
4883
4887
4887
4891
4893
4897
4900
4904
4905
4906
4907
4907
4914
4915
4916
4920
4921
4924
4926
4928
4936
4939
4942
4947
4947
4955
4961
4962
4971
4975
4979
4985
4986
4989
4992
4997
4997
4998
5002
5007
5009
5024
5026
5027
5029
5034
5036
5036
5041
5054
5054
5056
5058
5060
5061
5063
5064
5067
5073
5077
5077
5082
5087
5088
5088
5095
5096
5098
5102
5104
5105
5106
5109
5113
5113
5115
5116
5119
5134
5136
5140
5149
5149
5152
5160
5167
5171
5184
5185
5189
5198
5200
5205
5206
5206
5216
5216
5221
5223
5224
5235
5237
5238
5240
5242
5244
5246
5256
5256
5261
5263
5269
5277
5277
5279
5283
5288
5290
5291
5293
5299
5300
5300
5301
5312
5317
5322
5323
5323
5326
5327
5329
5331
5331
5332
5332
5332
5332
5333
5334
5335
5342
5351
5362
5362
5363
5373
5374
5375
5375
5384
5388
5393
5407
5413
5420
5426
5427
5432
5435
5437
5437
5441
5442
5443
5447
5451
5453
5456
5458
5466
5473
5477
5484
5486
5489
5495
5497
5499
5500
5507
5509
5511
5511
5514
5515
5521
5529
5533
5549
5550
5556
5559
5560
5564
5568
5568
5570
5572
5574
5575
5579
5581
5582
5585
5595
5607
5608
5609
5609
5610
5613
5620
5631
5633
5636
5636
5641
5641
5642
5647
5652
5663
5680
5681
5682
5683
5684
5686
5687
5690
5698
5698
5701
5702
5707
5710
5717
5718
5721
5721
5724
5734
5743
5744
5747
5753
5754
5758
5763
5764
5771
5777
5777
5781
5784
5790
5794
5794
5798
5802
5809
5819
5827
5830
5832
5834
5842
5845
5867
5869
5889
5889
5892
5897
5900
5900
5903
5906
5911
5916
5917
5917
5918
5918
5921
5932
5937
5946
5949
5949
5950
5952
5958
5959
5959
5961
5968
5969
5976
5982
5987
5987
5993
5995
6000
6005
6007
6022
6022
6026
6030
6035
6043
6047
6047
6049
6068
6070
6074
6075
6079
6083
6086
6089
6089
6089
6093
6094
6094
6096
6098
6111
6112
6118
6119
6122
6132
6133
6141
6142
6146
6147
6150
6161
6167
6174
6175
6176
6181
6182
6193
6196
6197
6202
6205
6219
6219
6223
6232
6234
6235
6236
6238
6241
6245
6247
6251
6255
6256
6258
6260
6273
6289
6290
6291
6293
6297
6299
6310
6312
6317
6318
6320
6321
6322
6326
6331
6335
6336
6340
6342
6346
6349
6350
6356
6357
6359
6363
6364
6378
6380
6380
6384
6408
6415
6420
6427
6433
6435
6435
6436
6438
6442
6446
6449
6454
6457
6461
6461
6467
6467
6470
6470
6476
6478
6478
6479
6479
6488
6494
6498
6499
6504
6505
6505
6506
6528
6530
6530
6533
6535
6549
6550
6552
6560
6563
6566
6568
6576
6579
6586
6598
6599
6611
6612
6613
6614
6615
6620
6626
6630
6631
6633
6635
6635
6640
6640
6641
6641
6653
6656
6661
6661
6663
6666
6675
6675
6677
6678
6678
6682
6691
6691
6692
6692
6705
6706
6711
6717
6718
6720
6735
6739
6739
6746
6747
6755
6758
6760
6760
6771
6772
6781
6784
6786
6790
6791
6792
6794
6800
6802
6804
6814
6816
6820
6827
6830
6835
6840
6847
6847
6857
6861
6866
6868
6871
6874
6874
6884
6891
6892
6892
6894
6905
6910
6924
6931
6932
6936
6938
6941
6942
6943
6943
6944
6944
6946
6956
6958
6963
6966
6968
6970
6971
6972
6977
6987
6995
6999
7004
7007
7014
7019
7021
7025
7028
7029
7037
7037
7037
7046
7047
7048
7049
7049
7050
7052
7054
7056
7064
7068
7076
7113
7117
7121
7124
7125
7126
7126
7127
7127
7138
7142
7144
7151
7152
7156
7156
7156
7158
7161
7165
7176
7177
7179
7180
7183
7184
7186
7187
7190
7201
7204
7210
7218
7218
7222
7227
7230
7235
7237
7243
7247
7252
7256
7257
7257
7258
7260
7264
7265
7268
7277
7283
7285
7286
7288
7292
7308
7315
7316
7324
7324
7328
7329
7330
7331
7339
7340
7343
7357
7366
7377
7379
7385
7386
7389
7390
7393
7405
7409
7412
7422
7423
7423
7424
7429
7431
7433
7434
7435
7435
7447
7450
7451
7453
7455
7456
7457
7469
7470
7475
7487
7489
7492
7504
7509
7517
7525
7533
7539
7545
7547
7550
7550
7551
7555
7557
7559
7559
7561
7562
7562
7566
7567
7568
7573
7580
7585
7587
7587
7592
7597
7599
7601
7605
7612
7614
7617
7617
7624
7641
7658
7675
7679
7683
7688
7689
7694
7694
7696
7698
7702
7707
7711
7717
7737
7743
7745
7752
7752
7759
7759
7767
7768
7771
7776
7777
7784
7799
7808
7808
7812
7813
7823
7833
7835
7837
7840
7841
7841
7846
7849
7850
7850
7858
7864
7867
7867
7873
7884
7888
7890
7891
7892
7892
7894
7897
7900
7903
7907
7911
7912
7917
7929
7941
7948
7952
7952
7958
7961
7967
7968
7970
7970
7976
7981
7982
7986
7988
7991
7997
8005
8005
8010
8012
8018
8030
8030
8033
8033
8040
8046
8046
8048
8048
8049
8057
8067
8070
8075
8075
8077
8078
8086
8088
8098
8100
8103
8104
8105
8108
8109
8113
8115
8120
8122
8122
8133
8136
8136
8137
8137
8143
8150
8150
8153
8161
8170
8173
8176
8177
8182
8182
8183
8187
8190
8191
8195
8198
8200
8206
8211
8212
8215
8221
8228
8228
8232
8233
8238
8240
8243
8247
8264
8269
8271
8283
8285
8287
8292
8296
8300
8305
8305
8313
8314
8317
8320
8330
8335
8337
8364
8364
8366
8367
8369
8388
8389
8391
8402
8404
8412
8418
8418
8420
8424
8428
8431
8436
8438
8458
8463
8465
8473
8476
8481
8481
8484
8488
8494
8496
8497
8501
8504
8509
8512
8516
8520
8520
8528
8529
8532
8543
8548
8551
8559
8563
8569
8571
8575
8581
8585
8587
8593
8596
8597
8602
8608
8608
8625
8627
8630
8633
8639
8642
8648
8648
8648
8651
8656
8661
8669
8675
8677
8677
8687
8692
8696
8696
8696
8702
8702
8705
8705
8708
8711
8715
8716
8720
8726
8728
8731
8738
8740
8746
8755
8755
8757
8759
8762
8775
8778
8780
8785
8793
8797
8799
8800
8802
8808
8811
8818
8818
8818
8818
8822
8826
8826
8829
8830
8830
8832
8840
8842
8846
8854
8856
8867
8869
8870
8871
8876
8878
8880
8882
8883
8889
8893
8901
8903
8904
8913
8921
8925
8940
8941
8942
8942
8945
8945
8945
8951
8954
8959
8959
8960
8961
8972
8974
8983
8991
8993
8996
9001
9007
9011
9012
9016
9021
9024
9027
9027
9027
9032
9034
9038
9041
9042
9045
9050
9067
9067
9068
9070
9077
9080
9090
9098
9111
9112
9112
9113
9118
9123
9129
9129
9132
9133
9139
9141
9143
9144
9146
9152
9156
9160
9163
9164
9164
9171
9178
9180
9190
9203
9210
9218
9230
9232
9236
9236
9237
9239
9241
9242
9242
9251
9253
9254
9257
9266
9266
9267
9267
9268
9270
9272
9275
9287
9299
9305
9314
9316
9317
9319
9320
9320
9321
9321
9323
9324
9335
9338
9338
9344
9350
9351
9354
9356
9359
9372
9381
9385
9389
9396
9399
9402
9403
9414
9414
9420
9424
9427
9430
9430
9431
9432
9433
9448
9448
9454
9454
9455
9459
9463
9465
9468
9470
9472
9474
9481
9483
9487
9490
9493
9504
9506
9511
9514
9515
9517
9527
9542
9549
9551
9562
9562
9562
9568
9574
9576
9577
9577
9580
9595
9596
9604
9605
9612
9618
9627
9636
9637
9640
9643
9644
9646
9652
9654
9654
9656
9669
9676
9690
9693
9706
9707
9713
9715
9721
9721
9724
9728
9730
9736
9747
9755
9761
9767
9768
9769
9771
9773
9785
9789
9790
9790
9791
9791
9797
9799
9803
9816
9820
9822
9823
9824
9827
9829
9832
9837
9838
9852
9855
9858
9863
9865
9865
9866
9867
9871
9875
9879
9881
9883
9896
9900
9904
9904
9907
9915
9916
9923
9930
9943
9946
9955
9959
9961
9962
9967
9969
9971
9974
9976
9977
9987
9991
10004
10008
10010
10013
10017
10018
10023
10023
10026
10029
10036
10047
10051
10052
10057
10058
10060
10064
10079
10080
10085
10086
10090
10092
10092
10097
10100
10102
10106
10108
10108
10110
10118
10127
10142
10142
10144
10161
10165
10171
10177
10190
10199
10205
10212
10225
10228
10229
10234
10237
10238
10246
10249
10253
10254
10269
10269
10271
10277
10277
10288
10290
10300
10300
10302
10306
10308
10311
10312
10313
10313
10316
10321
10325
10326
10329
10330
10332
10334
10336
10342
10342
10344
10351
10351
10355
10362
10362
10363
10363
10364
10365
10370
10382
10386
10394
10396
10400
10421
10423
10425
10437
10438
10442
10445
10447
10448
10449
10469
10471
10475
10479
10480
10482
10484
10485
10489
10491
10491
10493
10494
10497
10500
10501
10501
10502
10503
10507
10517
10519
10520
10524
10524
10526
10527
10529
10531
10532
10532
10533
10535
10538
10540
10547
10548
10552
10553
10555
10562
10562
10562
10565
10565
10571
10580
10585
10585
10589
10590
10597
10597
10598
10603
10612
10613
10615
10616
10621
10626
10629
10630
10635
10638
10646
10660
10664
10675
10685
10687
10703
10709
10725
10726
10728
10729
10733
10736
10736
10736
10746
10748
10749
10751
10751
10755
10755
10756
10762
10767
10772
10777
10780
10781
10782
10789
10791
10794
10796
10800
10803
10806
10807
10809
10809
10811
10818
10823
10824
10825
10827
10830
10835
10839
10840
10845
10855
10857
10857
10858
10859
10862
10869
10869
10869
10870
10872
10872
10873
10880
10891
10892
10894
10895
10896
10897
10902
10914
10932
10938
10942
10944
10945
10949
10954
10962
10967
10975
10981
10983
10986
10989
10991
10992
10993
10996
10998
11004
11008
11012
11016
11020
11025
11033
11041
11044
11051
11052
11053
11055
11057
11072
11086
11091
11094
11096
11100
11103
11104
11105
11115
11123
11123
11123
11123
11130
11130
11143
11144
11153
11160
11164
11164
11168
11172
11174
11184
11184
11191
11191
11199
11202
11202
11211
11217
11222
11225
11233
11236
11244
11254
11257
11257
11259
11262
11268
11277
11282
11282
11285
11286
11293
11294
11295
11310
11313
11318
11321
11323
11326
11329
11332
11345
11345
11352
11365
11365
11368
11377
11387
11389
11402
11402
11402
11404
11407
11410
11411
11412
11414
11414
11417
11420
11420
11421
11422
11434
11434
11434
11439
11441
11453
11463
11464
11464
11464
11465
11466
11470
11472
11473
11473
11476
11476
11480
11482
11482
11483
11485
11485
11495
11500
11504
11507
11517
11525
11526
11527
11530
11540
11542
11543
11543
11550
11551
11559
11560
11567
11581
11582
11597
11598
11600
11614
11615
11616
11635
11636
11636
11636
11640
11645
11652
11654
11661
11665
11674
11676
11684
11694
11700
11702
11704
11710
11712
11721
11722
11724
11725
11738
11741
11744
11749
11756
11760
11765
11766
11768
11772
11785
11786
11786
11787
11792
11797
11802
11809
11811
11816
11817
11820
11822
11824
11828
11832
11837
11840
11845
11849
11850
11852
11853
11856
11857
11859
11865
11866
11867
11873
11875
11879
11880
11880
11882
11884
11887
11897
11900
11903
11906
11910
11911
11914
11916
11921
11923
11926
11927
11928
11933
11934
11937
11939
11940
11945
11950
11955
11957
11958
11962
11965
11968
11968
11969
11974
11975
11979
11981
11985
11987
11990
11997
12002
12009
12010
12012
12017
12019
12022
12023
12026
12028
12028
12028
12039
12049
12061
12076
12084
12085
12087
12090
12091
12091
12098
12099
12102
12105
12115
12116
12120
12124
12125
12126
12131
12131
12136
12138
12143
12148
12149
12155
12160
12165
12166
12169
12170
12171
12177
12180
12192
12200
12203
12207
12208
12210
12210
12215
12217
12224
12225
12229
12230
12245
12249
12253
12257
12262
12263
12263
12269
12271
12272
12288
12289
12293
12293
12295
12295
12306
12308
12310
12313
12318
12322
12326
12331
12337
12338
12340
12346
12347
12350
12353
12357
12358
12360
12361
12369
12372
12372
12373
12379
12381
12383
12384
12388
12390
12402
12404
12413
12415
12420
12421
12421
12425
12434
12437
12438
12448
12449
12451
12452
12458
12460
12468
12472
12474
12475
12479
12479
12481
12484
12494
12505
12515
12520
12521
12522
12525
12532
12535
12542
12545
12549
12553
12566
12568
12574
12578
12578
12579
12581
12582
12588
12595
12595
12599
12602
12614
12620
12626
12627
12629
12629
12632
12632
12645
12646
12647
12650
12653
12654
12658
12660
12664
12667
12667
12668
12670
12682
12683
12684
12694
12696
12700
12702
12702
12710
12715
12717
12722
12724
12728
12728
12730
12734
12747
12749
12750
12752
12756
12757
12759
12759
12770
12771
12774
12780
12786
12787
12788
12789
12804
12806
12808
12811
12812
12813
12813
12820
12832
12838
12841
12845
12850
12851
12860
12861
12863
12871
12871
12873
12874
12874
12886
12887
12888
12891
12892
12897
12902
12906
12907
12911
12917
12920
12922
12923
12929
12940
12941
12948
12952
12953
12953
12954
12955
12959
12961
12968
12970
12970
12971
12971
12977
12979
12990
12992
12992
13004
13008
13009
13011
13017
13021
13021
13022
13034
13047
13050
13051
13057
13059
13061
13069
13070
13073
13074
13076
13077
13079
13082
13083
13084
13093
13095
13095
13097
13097
13098
13099
13102
13103
13108
13109
13111
13120
13125
13132
13138
13144
13153
13153
13154
13162
13164
13165
13170
13175
13176
13180
13185
13190
13197
13198
13200
13202
13203
13203
13210
13221
13229
13236
13237
13242
13250
13265
13268
13268
13275
13282
13283
13283
13285
13293
13300
13307
13308
13310
13311
13319
13323
13325
13326
13328
13332
13340
13351
13356
13358
13366
13375
13378
13378
13383
13385
13388
13393
13400
13401
13405
13406
13410
13412
13417
13421
13428
13428
13431
13431
13434
13438
13447
13451
13457
13460
13460
13464
13465
13465
13466
13469
13470
13472
13474
13474
13478
13495
13497
13501
13506
13508
13510
13520
13532
13535
13535
13538
13542
13542
13548
13549
13552
13557
13557
13558
13560
13574
13575
13576
13577
13578
13582
13584
13585
13591
13594
13595
13599
13599
13600
13600
13602
13606
13614
13626
13627
13628
13631
13640
13641
13645
13646
13649
13651
13659
13661
13665
13665
13668
13669
13671
13676
13680
13682
13689
13690
13691
13694
13698
13699
13701
13718
13724
13725
13727
13732
13747
13751
13754
13758
13758
13769
13770
13771
13772
13776
13783
13785
13795
13795
13802
13824
13833
13836
13837
13838
13838
13856
13859
13859
13861
13875
13876
13881
13890
13891
13898
13898
13906
13910
13915
13923
13923
13932
13934
13934
13935
13935
13936
13958
13960
13972
13973
13984
13990
13996
13996
13997
14000
14005
14007
14008
14012
14013
14029
14034
14039
14043
14055
14058
14059
14063
14066
14066
14070
14072
14073
14074
14083
14086
14091
14098
14103
14112
14114
14121
14137
14139
14141
14144
14144
14145
14146
14156
14158
14162
14163
14163
14165
14168
14171
14176
14187
14187
14192
14196
14196
14198
14204
14205
14208
14217
14219
14220
14224
14228
14238
14247
14252
14258
14258
14259
14261
14265
14270
14275
14275
14277
14289
14291
14291
14307
14311
14313
14316
14317
14318
14318
14318
14326
14326
14327
14331
14335
14341
14348
14368
14368
14380
14384
14386
14386
14387
14396
14399
14404
14411
14417
14417
14417
14418
14418
14424
14427
14429
14437
14444
14449
14459
14465
14465
14470
14470
14471
14474
14476
14477
14477
14484
14490
14492
14497
14514
14526
14531
14543
14548
14553
14553
14554
14563
14563
14565
14566
14571
14572
14573
14575
14579
14582
14595
14596
14598
14600
14600
14612
14626
14636
14638
14639
14640
14640
14641
14641
14646
14653
14663
14664
14671
14672
14678
14692
14692
14696
14699
14701
14707
14710
14713
14720
14721
14722
14737
14742
14748
14752
14753
14755
14757
14758
14761
14763
14783
14785
14786
14793
14793
14793
14797
14817
14839
14842
14855
14855
14861
14871
14871
14873
14875
14875
14876
14876
14880
14882
14884
14889
14894
14895
14897
14909
14910
14913
14918
14920
14923
14926
14939
14953
14956
14956
14956
14959
14961
14962
14965
14966
14966
14971
14972
14972
14987
14991
14998
14999
15002
15003
15010
15014
15014
15017
15017
15020
15024
15025
15029
15034
15037
15037
15046
15050
15055
15067
15077
15082
15083
15085
15088
15089
15090
15093
15106
15111
15117
15121
15128
15133
15135
15137
15152
15153
15153
15159
15161
15167
15173
15180
15183
15191
15192
15192
15194
15200
15209
15214
15215
15224
15229
15233
15234
15238
15239
15241
15247
15264
15266
15286
15292
15305
15307
15309
15312
15313
15315
15317
15318
15319
15325
15338
15338
15344
15348
15349
15351
15352
15354
15356
15356
15356
15359
15362
15371
15382
15386
15386
15389
15391
15395
15402
15411
15412
15413
15431
15433
15436
15436
15443
15451
15451
15460
15461
15461
15464
15467
15468
15471
15479
15479
15486
15488
15491
15493
15494
15502
15507
15515
15521
15525
15525
15527
15529
15536
15545
15550
15552
15552
15557
15561
15567
15575
15578
15579
15580
15584
15584
15587
15590
15593
15593
15605
15607
15630
15631
15632
15633
15635
15640
15641
15653
15665
15667
15668
15675
15677
15679
15680
15686
15698
15698
15703
15706
15707
15709
15710
15713
15715
15718
15723
15725
15729
15731
15735
15739
15741
15742
15746
15747
15748
15754
15758
15767
15775
15784
15790
15797
15797
15803
15808
15819
15820
15825
15828
15828
15828
15831
15831
15835
15839
15846
15849
15853
15856
15856
15864
15864
15868
15869
15874
15877
15878
15880
15887
15890
15891
15898
15900
15901
15904
15905
15906
15908
15911
15918
15920
15921
15922
15928
15930
15934
15935
15954
15955
15959
15967
15967
15970
15971
15974
15979
15981
15981
16000
16004
16006
16007
16007
16011
16017
16018
16027
16029
16034
16040
16042
16043
16045
16056
16059
16082
16087
16088
16092
16093
16097
16099
16099
16101
16103
16109
16109
16111
16112
16118
16118
16135
16137
16138
16140
16140
16141
16142
16143
16159
16160
16167
16171
16172
16173
16173
16173
16174
16183
16184
16185
16206
16208
16213
16214
16221
16226
16230
16234
16235
16243
16246
16249
16254
16256
16260
16274
16277
16280
16281
16285
16285
16291
16294
16295
16299
16299
16305
16333
16336
16336
16342
16344
16357
16358
16365
16369
16369
16377
16381
16382
16389
16390
16403
16409
16412
16422
16425
16425
16430
16431
16432
16433
16435
16440
16441
16441
16446
16446
16446
16451
16456
16456
16459
16464
16468
16472
16473
16486
16492
16497
16498
16511
16513
16525
16528
16529
16529
16531
16539
16539
16545
16546
16549
16549
16554
16559
16559
16562
16562
16563
16581
16583
16587
16592
16602
16604
16606
16607
16610
16624
16630
16637
16638
16641
16643
16645
16652
16652
16652
16654
16655
16658
16666
16669
16675
16681
16682
16683
16689
16692
16695
16700
16716
16717
16719
16723
16723
16724
16724
16725
16727
16740
16741
16743
16744
16750
16756
16759
16760
16776
16781
16782
16784
16785
16790
16794
16798
16803
16806
16825
16825
16831
16833
16847
16853
16853
16866
16873
16877
16885
16886
16893
16905
16909
16909
16910
16910
16913
16919
16921
16922
16931
16933
16941
16942
16944
16949
16954
16959
16963
16963
16963
16976
16977
16978
16980
16981
16981
16983
16987
16987
16989
16989
16990
16994
16995
16999
17007
17007
17008
17014
17017
17018
17023
17023
17027
17029
17034
17040
17046
17050
17058
17060
17062
17072
17073
17075
17075
17077
17087
17096
17100
17103
17103
17105
17111
17112
17122
17132
17135
17137
17137
17139
17141
17145
17153
17155
17157
17157
17159
17160
17164
17166
17167
17171
17171
17175
17180
17194
17197
17197
17209
17209
17212
17215
17215
17216
17220
17231
17232
17236
17240
17243
17243
17250
17256
17257
17262
17277
17279
17279
17290
17291
17296
17302
17304
17305
17310
17311
17315
17316
17324
17328
17331
17345
17352
17358
17358
17366
17370
17372
17372
17374
17374
17375
17381
17391
17392
17402
17406
17407
17408
17410
17415
17419
17420
17430
17436
17437
17441
17446
17449
17457
17463
17476
17484
17488
17494
17522
17522
17523
17524
17525
17527
17527
17538
17538
17543
17546
17548
17548
17549
17557
17559
17559
17560
17562
17566
17572
17577
17578
17584
17587
17588
17604
17610
17612
17617
17619
17619
17624
17629
17630
17632
17640
17650
17660
17661
17666
17680
17682
17686
17688
17693
17695
17701
17703
17705
17715
17718
17719
17720
17724
17729
17730
17735
17736
17739
17741
17749
17749
17756
17757
17761
17768
17770
17773
17777
17777
17777
17787
17792
17797
17797
17804
17805
17808
17811
17811
17816
17817
17817
17822
17822
17824
17826
17828
17829
17833
17833
17834
17842
17846
17851
17853
17865
17867
17868
17870
17871
17874
17877
17881
17883
17883
17886
17886
17896
17899
17911
17912
17920
17927
17933
17935
17935
17936
17937
17939
17940
17942
17945
17951
17951
17957
17962
17964
17969
17970
17978
17981
17981
17983
17985
17989
17992
18002
18006
18010
18010
18011
18016
18021
18026
18031
18043
18048
18063
18069
18071
18072
18075
18075
18076
18080
18080
18083
18087
18089
18092
18098
18100
18101
18102
18103
18108
18114
18119
18126
18138
18138
18141
18141
18144
18145
18145
18147
18149
18155
18160
18166
18167
18172
18176
18183
18185
18186
18187
18189
18192
18197
18205
18208
18209
18210
18213
18213
18216
18219
18226
18229
18241
18241
18242
18242
18248
18251
18253
18261
18261
18262
18263
18267
18270
18278
18293
18296
18299
18300
18303
18304
18312
18312
18313
18314
18318
18322
18322
18329
18330
18336
18336
18344
18346
18347
18352
18354
18357
18369
18371
18372
18381
18390
18395
18396
18400
18403
18413
18419
18420
18422
18423
18423
18425
18429
18438
18445
18458
18468
18470
18471
18480
18487
18492
18498
18502
18506
18507
18518
18521
18521
18523
18523
18529
18532
18535
18536
18536
18538
18539
18540
18540
18544
18546
18547
18549
18552
18553
18556
18559
18560
18560
18560
18561
18561
18563
18563
18569
18572
18574
18575
18580
18591
18601
18603
18617
18619
18623
18629
18631
18645
18645
18647
18647
18647
18650
18659
18663
18667
18671
18671
18674
18676
18679
18687
18689
18689
18691
18696
18696
18697
18705
18706
18709
18710
18723
18724
18725
18727
18728
18736
18736
18739
18743
18747
18752
18760
18767
18770
18771
18776
18779
18784
18784
18789
18794
18796
18798
18806
18806
18807
18808
18809
18810
18812
18815
18821
18822
18828
18829
18832
18832
18833
18838
18845
18849
18851
18851
18852
18853
18854
18857
18873
18874
18884
18885
18887
18891
18900
18903
18906
18910
18917
18917
18920
18926
18930
18932
18934
18934
18941
18943
18944
18945
18946
18947
18949
18952
18958
18962
18963
18965
18966
18973
18974
18982
18983
18984
18984
18986
18999
19004
19005
19012
19018
19026
19027
19030
19034
19043
19044
19050
19053
19055
19057
19060
19066
19067
19077
19078
19079
19079
19088
19091
19094
19099
19105
19106
19107
19108
19112
19114
19116
19122
19125
19128
19128
19130
19135
19148
19149
19151
19152
19152
19165
19167
19168
19170
19174
19180
19182
19185
19190
19196
19206
19208
19209
19217
19218
19228
19229
19235
19242
19246
19248
19254
19257
19258
19260
19262
19262
19263
19264
19266
19269
19276
19276
19277
19281
19286
19290
19292
19292
19294
19294
19308
19310
19317
19322
19326
19327
19329
19332
19345
19345
19349
19350
19352
19354
19355
19358
19364
19371
19371
19377
19378
19381
19393
19396
19404
19408
19408
19410
19424
19432
19434
19435
19448
19450
19452
19456
19463
19464
19476
19480
19488
19503
19504
19506
19523
19528
19535
19538
19539
19542
19543
19545
19551
19559
19564
19568
19569
19572
19577
19598
19598
19608
19613
19614
19616
19617
19624
19625
19629
19632
19638
19639
19640
19647
19661
19662
19664
19664
19665
19666
19670
19671
19671
19681
19684
19686
19688
19689
19693
19695
19696
19702
19703
19704
19707
19709
19710
19716
19718
19722
19725
19727
19728
19735
19736
19737
19739
19742
19754
19763
19770
19772
19776
19777
19785
19786
19787
19791
19798
19798
19803
19807
19808
19816
19819
19819
19819
19823
19830
19831
19836
19842
19852
19855
19857
19865
19866
19870
19870
19871
19874
19876
19879
19879
19884
19887
19898
19899
19904
19906
19909
19933
19944
19945
19949
19962
19962
19964
19964
19968
19971
19971
19981
19983
19995
19996
20002
20014
20015
20015
20017
20017
20021
20025
20028
20029
20032
20037
20041
20054
20055
20055
20059
20060
20064
20065
20066
20068
20072
20072
20073
20074
20084
20085
20088
20091
20093
20096
20097
20107
20119
20122
20131
20136
20138
20138
20145
20145
20156
20157
20160
20166
20168
20170
20171
20174
20180
20181
20197
20199
20201
20202
20207
20211
20215
20218
20221
20234
20237
20238
20240
20241
20245
20253
20254
20255
20257
20264
20269
20271
20278
20280
20290
20291
20293
20294
20297
20321
20324
20325
20326
20341
20341
20361
20369
20372
20374
20380
20380
20380
20384
20386
20391
20392
20393
20394
20402
20406
20406
20407
20410
20415
20416
20419
20419
20432
20434
20435
20435
20438
20439
20442
20452
20454
20460
20463
20467
20473
20473
20479
20480
20486
20489
20490
20491
20491
20491
20496
20515
20517
20518
20519
20524
20528
20529
20534
20540
20541
20541
20547
20549
20556
20565
20565
20566
20566
20567
20568
20571
20579
20585
20588
20588
20590
20610
20621
20631
20638
20657
20659
20662
20663
20671
20671
20675
20675
20679
20684
20687
20688
20688
20691
20693
20693
20698
20698
20701
20704
20707
20710
20716
20719
20728
20729
20731
20735
20735
20738
20755
20757
20761
20767
20769
20774
20780
20786
20795
20796
20796
20804
20814
20815
20815
20834
20839
20840
20840
20873
20877
20882
20896
20902
20910
20919
20920
20926
20940
20948
20958
20960
20965
20969
20973
20974
20977
20977
20982
20983
20994
20994
21003
21003
21004
21006
21007
21008
21015
21015
21021
21028
21030
21041
21043
21046
21047
21049
21053
21053
21054
21059
21069
21074
21088
21091
21096
21099
21101
21102
21105
21106
21106
21107
21108
21114
21117
21117
21118
21123
21126
21128
21129
21130
21130
21134
21143
21147
21147
21152
21154
21155
21158
21161
21163
21163
21164
21164
21165
21175
21185
21192
21194
21202
21221
21224
21224
21230
21232
21236
21238
21239
21244
21248
21249
21251
21257
21259
21265
21271
21274
21274
21277
21278
21293
21294
21297
21303
21313
21314
21315
21323
21323
21330
21331
21339
21341
21351
21354
21354
21363
21363
21374
21380
21381
21386
21390
21406
21418
21419
21427
21432
21452
21467
21467
21467
21468
21469
21470
21487
21489
21494
21496
21497
21500
21502
21513
21514
21527
21529
21532
21533
21533
21536
21538
21542
21550
21554
21555
21562
21575
21582
21583
21586
21591
21592
21594
21599
21604
21613
21614
21618
21630
21631
21633
21637
21637
21639
21639
21647
21650
21651
21653
21662
21666
21666
21666
21671
21677
21682
21683
21694
21702
21709
21718
21720
21725
21727
21738
21741
21743
21751
21753
21756
21757
21758
21762
21765
21769
21783
21787
21804
21805
21806
21812
21812
21814
21833
21840
21840
21844
21857
21859
21864
21867
21867
21870
21871
21873
21873
21874
21876
21881
21882
21886
21887
21896
21897
21899
21904
21904
21905
21915
21921
21923
21923
21924
21927
21943
21952
21954
21966
21970
21972
21973
21973
21976
21976
21976
21991
21991
21994
22006
22020
22020
22022
22029
22030
22033
22035
22037
22046
22056
22063
22071
22078
22082
22088
22088
22088
22091
22094
22095
22097
22101
22102
22104
22106
22109
22113
22114
22121
22123
22124
22128
22130
22132
22138
22138
22142
22144
22156
22162
22164
22170
22171
22176
22177
22177
22179
22196
22199
22200
22202
22204
22207
22215
22216
22220
22221
22224
22227
22235
22236
22238
22243
22244
22251
22260
22278
22279
22283
22288
22290
22291
22307
22311
22314
22321
22327
22332
22332
22332
22336
22339
22340
22345
22349
22350
22356
22364
22364
22364
22367
22368
22370
22372
22374
22378
22382
22382
22382
22385
22399
22401
22408
22416
22416
22421
22428
22429
22439
22440
22446
22449
22452
22453
22455
22459
22465
22467
22471
22475
22478
22480
22483
22484
22486
22489
22491
22504
22507
22513
22513
22518
22526
22538
22541
22542
22546
22547
22549
22554
22557
22558
22565
22566
22570
22572
22576
22587
22593
22593
22602
22603
22609
22618
22620
22627
22634
22635
22636
22640
22643
22650
22656
22660
22661
22664
22675
22690
22699
22700
22701
22706
22706
22708
22726
22727
22729
22736
22737
22744
22748
22753
22754
22754
22759
22760
22763
22767
22773
22774
22778
22783
22786
22789
22792
22808
22809
22809
22816
22820
22825
22826
22834
22839
22840
22842
22847
22850
22850
22853
22860
22867
22869
22873
22874
22876
22880
22881
22883
22883
22888
22895
22896
22898
22904
22914
22915
22922
22926
22928
22932
22935
22935
22938
22940
22940
22955
22960
22967
22969
22973
22976
22978
22987
22988
22991
22992
22995
23000
23002
23003
23005
23008
23024
23025
23029
23030
23036
23043
23049
23062
23072
23075
23076
23083
23091
23102
23106
23108
23116
23116
23117
23127
23130
23133
23135
23135
23144
23149
23156
23157
23158
23161
23162
23164
23165
23169
23177
23184
23187
23192
23207
23208
23216
23220
23220
23225
23226
23232
23243
23244
23246
23254
23256
23259
23264
23264
23265
23270
23271
23274
23277
23281
23283
23297
23298
23299
23310
23313
23323
23328
23331
23335
23335
23338
23338
23338
23340
23345
23346
23346
23356
23356
23356
23356
23358
23360
23368
23372
23374
23374
23381
23383
23387
23392
23394
23396
23399
23399
23399
23401
23405
23409
23412
23413
23420
23420
23423
23423
23425
23425
23430
23431
23442
23447
23453
23456
23457
23460
23464
23465
23466
23468
23473
23476
23481
23491
23497
23506
23508
23510
23513
23525
23532
23535
23535
23537
23537
23540
23542
23544
23544
23547
23555
23569
23577
23580
23585
23588
23591
23597
23600
23607
23607
23616
23616
23618
23619
23623
23624
23625
23628
23630
23632
23633
23637
23642
23642
23644
23644
23645
23646
23652
23671
23673
23676
23677
23678
23682
23685
23706
23707
23707
23709
23717
23735
23736
23737
23743
23751
23752
23754
23755
23757
23758
23758
23760
23760
23768
23785
23793
23797
23803
23808
23811
23818
23821
23828
23835
23836
23845
23846
23848
23849
23850
23851
23852
23866
23867
23867
23876
23877
23878
23879
23880
23884
23890
23894
23896
23898
23901
23904
23904
23907
23910
23910
23913
23916
23918
23922
23924
23928
23929
23938
23940
23949
23951
23951
23959
23961
23965
23965
23968
23969
23976
23977
23980
23984
23986
23987
23994
24004
24005
24010
24012
24013
24017
24024
24029
24029
24039
24041
24055
24055
24061
24062
24065
24072
24072
24083
24083
24088
24095
24097
24099
24101
24104
24111
24112
24112
24113
24117
24120
24121
24125
24126
24128
24129
24132
24133
24137
24158
24162
24162
24167
24176
24179
24181
24184
24191
24191
24197
24200
24203
24207
24208
24211
24212
24215
24218
24220
24227
24231
24242
24248
24248
24254
24254
24259
24263
24267
24269
24276
24282
24284
24285
24291
24294
24303
24316
24321
24342
24344
24346
24346
24350
24352
24359
24361
24365
24368
24368
24373
24377
24378
24385
24390
24404
24411
24414
24419
24424
24432
24437
24449
24454
24459
24463
24464
24470
24471
24474
24478
24479
24479
24484
24484
24486
24488
24490
24492
24495
24502
24505
24509
24517
24518
24518
24520
24522
24525
24528
24528
24529
24539
24547
24548
24549
24557
24561
24570
24577
24584
24585
24590
24595
24600
24604
24606
24607
24609
24610
24612
24616
24620
24621
24641
24641
24643
24645
24646
24650
24651
24651
24665
24665
24671
24671
24672
24674
24681
24685
24690
24697
24701
24702
24702
24703
24703
24709
24711
24712
24715
24716
24716
24726
24736
24742
24743
24746
24748
24755
24756
24759
24761
24761
24764
24765
24779
24784
24788
24789
24792
24799
24802
24803
24816
24820
24828
24832
24836
24838
24841
24842
24847
24852
24855
24855
24856
24866
24866
24877
24880
24880
24890
24893
24909
24912
24914
24916
24920
24920
24921
24921
24926
24926
24928
24933
24946
24946
24950
24954
24956
24965
24965
24970
24973
24974
24986
24993
24995
24999
24999
25005
25008
25010
25012
25013
25022
25023
25026
25027
25028
25033
25035
25041
25041
25050
25051
25055
25057
25058
25064
25067
25068
25076
25080
25092
25093
25100
25105
25109
25110
25120
25121
25126
25151
25157
25162
25168
25170
25171
25175
25179
25185
25189
25195
25196
25202
25203
25204
25206
25215
25216
25218
25222
25223
25231
25233
25234
25242
25249
25251
25251
25264
25268
25269
25270
25272
25276
25276
25284
25284
25285
25292
25292
25293
25296
25299
25303
25308
25312
25322
25324
25324
25325
25328
25329
25332
25333
25342
25343
25344
25344
25350
25351
25355
25360
25363
25373
25378
25379
25385
25386
25388
25388
25389
25396
25403
25410
25426
25433
25437
25445
25449
25452
25455
25464
25469
25473
25474
25478
25479
25480
25480
25482
25487
25489
25489
25491
25492
25493
25498
25499
25500
25508
25515
25515
25516
25523
25525
25530
25532
25534
25559
25560
25567
25572
25582
25584
25586
25590
25600
25602
25603
25603
25603
25606
25610
25613
25614
25622
25623
25624
25626
25627
25631
25642
25647
25651
25654
25654
25661
25667
25668
25676
25677
25681
25682
25683
25684
25700
25704
25707
25717
25722
25729
25731
25734
25745
25763
25764
25769
25771
25773
25778
25778
25780
25790
25796
25796
25806
25808
25808
25821
25831
25834
25855
25867
25868
25869
25869
25870
25872
25879
25883
25887
25890
25894
25903
25905
25905
25906
25911
25917
25928
25933
25939
25945
25970
25971
25971
25976
25980
25987
25988
25989
25992
25998
26004
26005
26009
26011
26012
26016
26022
26031
26032
26034
26034
26035
26037
26042
26044
26047
26049
26055
26064
26064
26073
26073
26078
26078
26088
26088
26091
26092
26100
26105
26110
26112
26115
26127
26127
26128
26132
26133
26134
26134
26136
26143
26147
26148
26149
26149
26151
26159
26163
26166
26173
26176
26180
26181
26184
26186
26188
26189
26191
26195
26197
26198
26205
26206
26208
26210
26211
26211
26212
26219
26223
26223
26225
26230
26230
26236
26248
26257
26258
26263
26270
26271
26285
26292
26297
26299
26300
26302
26304
26305
26305
26306
26315
26320
26323
26326
26331
26340
26341
26350
26351
26355
26356
26359
26360
26361
26361
26368
26372
26400
26402
26405
26408
26416
26421
26422
26427
26431
26434
26440
26445
26445
26447
26447
26450
26451
26458
26459
26462
26466
26470
26470
26477
26481
26491
26497
26497
26498
26501
26507
26509
26519
26521
26529
26535
26537
26538
26538
26541
26546
26550
26551
26556
26563
26572
26580
26587
26588
26605
26617
26619
26624
26627
26627
26629
26632
26633
26638
26644
26653
26660
26662
26664
26671
26679
26682
26689
26691
26691
26701
26704
26706
26710
26711
26712
26715
26720
26727
26728
26731
26732
26732
26734
26740
26744
26745
26748
26749
26758
26761
26761
26764
26768
26769
26772
26776
26778
26781
26781
26784
26786
26794
26796
26798
26799
26804
26805
26813
26820
26833
26834
26837
26839
26846
26851
26861
26863
26864
26867
26873
26887
26887
26899
26905
26911
26917
26917
26921
26930
26934
26942
26942
26943
26943
26946
26955
26978
26980
26984
26993
27010
27011
27021
27021
27024
27024
27028
27031
27033
27036
27037
27039
27040
27041
27045
27050
27052
27054
27057
27063
27066
27072
27077
27079
27088
27089
27090
27092
27095
27096
27099
27099
27100
27101
27105
27106
27114
27119
27121
27126
27131
27131
27131
27135
27140
27141
27142
27174
27177
27179
27183
27186
27194
27199
27199
27216
27220
27221
27222
27230
27231
27235
27235
27236
27237
27239
27239
27240
27252
27259
27261
27264
27278
27278
27281
27283
27284
27286
27290
27301
27304
27305
27307
27307
27311
27314
27315
27317
27328
27337
27339
27343
27346
27352
27358
27359
27360
27362
27370
27372
27375
27375
27381
27387
27401
27402
27402
27407
27412
27414
27416
27431
27444
27445
27445
27459
27462
27464
27468
27472
27476
27477
27482
27483
27484
27486
27488
27489
27490
27494
27496
27500
27501
27501
27505
27510
27510
27512
27514
27522
27531
27538
27541
27542
27545
27547
27551
27552
27558
27560
27569
27569
27571
27573
27577
27578
27579
27585
27586
27589
27591
27594
27605
27607
27616
27618
27619
27621
27621
27623
27624
27632
27638
27643
27647
27647
27649
27650
27658
27673
27675
27682
27691
27699
27701
27702
27704
27705
27712
27717
27722
27730
27732
27733
27744
27745
27748
27749
27753
27753
27757
27761
27762
27763
27764
27766
27766
27770
27781
27781
27783
27784
27794
27796
27796
27798
27799
27804
27806
27808
27808
27810
27815
27817
27817
27818
27819
27825
27827
27836
27837
27838
27842
27846
27846
27847
27847
27849
27851
27852
27853
27860
27861
27862
27868
27869
27878
27879
27879
27884
27885
27887
27889
27891
27897
27901
27903
27906
27921
27925
27943
27947
27948
27949
27954
27958
27965
27970
27977
27990
27996
27998
27999
28004
28006
28009
28013
28014
28022
28028
28032
28041
28045
28066
28070
28071
28073
28074
28081
28086
28089
28096
28097
28109
28111
28120
28128
28130
28135
28142
28143
28152
28160
28160
28164
28168
28171
28173
28181
28183
28197
28202
28202
28208
28210
28217
28219
28221
28227
28230
28233
28235
28237
28239
28240
28253
28254
28259
28261
28263
28273
28275
28290
28291
28293
28295
28304
28309
28310
28311
28314
28319
28319
28324
28329
28335
28337
28339
28351
28355
28355
28360
28360
28364
28365
28371
28372
28375
28379
28379
28383
28384
28388
28388
28389
28390
28394
28403
28404
28410
28414
28420
28421
28422
28424
28427
28428
28429
28430
28430
28437
28439
28445
28455
28457
28460
28461
28476
28481
28487
28493
28495
28501
28503
28504
28511
28512
28517
28524
28533
28537
28539
28540
28543
28552
28554
28557
28558
28559
28564
28566
28568
28568
28570
28580
28583
28588
28591
28596
28603
28605
28608
28613
28627
28627
28636
28638
28640
28644
28648
28650
28655
28662
28662
28666
28670
28672
28698
28708
28712
28716
28725
28726
28726
28732
28733
28733
28747
28749
28750
28761
28780
28781
28782
28790
28808
28809
28814
28817
28822
28823
28824
28834
28839
28844
28856
28859
28860
28861
28868
28874
28876
28878
28878
28883
28886
28890
28891
28891
28899
28901
28901
28906
28910
28914
28914
28915
28917
28918
28926
28927
28947
28947
28948
28948
28948
28949
28956
28957
28958
28962
28965
28970
28975
28984
28990
28990
28992
28995
28999
29003
29006
29014
29016
29017
29022
29023
29024
29029
29037
29039
29040
29041
29041
29043
29044
29048
29048
29057
29062
29065
29074
29083
29084
29096
29104
29105
29106
29108
29116
29116
29119
29125
29125
29133
29138
29141
29142
29153
29154
29155
29156
29169
29171
29174
29176
29181
29188
29192
29194
29197
29198
29202
29203
29206
29210
29214
29222
29224
29230
29244
29258
29260
29262
29263
29265
29268
29274
29275
29276
29277
29284
29289
29293
29296
29298
29300
29302
29303
29306
29308
29313
29317
29318
29325
29326
29331
29341
29341
29354
29354
29356
29373
29385
29386
29387
29388
29391
29397
29406
29410
29413
29424
29450
29450
29452
29458
29459
29464
29466
29472
29473
29476
29476
29478
29480
29483
29487
29490
29501
29503
29505
29505
29506
29514
29522
29523
29523
29529
29533
29536
29540
29543
29550
29551
29553
29556
29561
29577
29579
29583
29589
29595
29599
29603
29606
29615
29617
29622
29623
29629
29638
29639
29639
29640
29658
29659
29663
29667
29671
29673
29673
29675
29677
29685
29689
29690
29695
29701
29710
29710
29712
29714
29729
29730
29738
29739
29741
29742
29743
29746
29746
29749
29750
29758
29764
29770
29771
29773
29786
29786
29799
29806
29815
29816
29827
29837
29837
29850
29851
29860
29860
29867
29881
29881
29885
29886
29888
29891
29893
29897
29906
29909
29914
29917
29934
29934
29935
29949
29950
29955
29958
29974
29979
29983
29983
29986
29990
29995
29997
29999
30003
30013
30020
30023
30023
30024
30027
30032
30036
30037
30039
30045
30049
30051
30063
30079
30081
30091
30092
30104
30114
30118
30125
30132
30133
30133
30135
30146
30149
30149
30150
30150
30151
30158
30160
30166
30167
30170
30171
30173
30179
30181
30181
30181
30181
30181
30181
30182
30183
30190
30191
30193
30193
30197
30202
30204
30204
30207
30208
30209
30211
30212
30217
30217
30219
30219
30220
30220
30222
30223
30223
30225
30227
30235
30236
30239
30240
30245
30249
30255
30256
30259
30264
30266
30270
30270
30275
30285
30287
30287
30291
30292
30293
30298
30312
30314
30319
30321
30324
30326
30329
30332
30332
30335
30339
30342
30346
30347
30350
30355
30355
30359
30360
30365
30372
30375
30387
30388
30391
30392
30395
30403
30407
30409
30410
30419
30424
30437
30440
30440
30449
30456
30458
30459
30463
30463
30473
30475
30482
30485
30489
30492
30494
30494
30497
30504
30505
30510
30510
30511
30514
30517
30519
30528
30536
30539
30540
30543
30547
30550
30561
30571
30574
30575
30579
30584
30587
30587
30588
30590
30592
30595
30600
30601
30602
30606
30608
30611
30617
30629
30634
30640
30640
30642
30642
30647
30657
30668
30680
30680
30682
30684
30685
30691
30693
30697
30697
30701
30704
30706
30715
30722
30735
30736
30738
30741
30748
30756
30760
30761
30761
30763
30766
30769
30777
30778
30778
30779
30784
30787
30790
30801
30804
30815
30816
30818
30826
30826
30831
30841
30853
30856
30857
30857
30858
30860
30870
30870
30870
30874
30878
30878
30881
30882
30883
30884
30887
30890
30903
30917
30919
30929
30940
30943
30951
30954
30955
30960
30962
30974
30978
30983
30996
31007
31015
31021
31022
31024
31026
31030
31033
31036
31045
31059
31063
31071
31076
31078
31081
31091
31092
31096
31096
31100
31103
31106
31110
31114
31122
31125
31127
31134
31143
31146
31147
31151
31157
31158
31158
31160
31163
31172
31175
31181
31182
31183
31187
31188
31190
31191
31192
31196
31199
31200
31202
31208
31215
31218
31220
31223
31236
31238
31245
31247
31247
31260
31272
31275
31276
31279
31285
31287
31290
31302
31304
31309
31312
31315
31315
31317
31317
31327
31332
31333
31335
31344
31349
31351
31351
31352
31353
31357
31359
31359
31360
31363
31375
31376
31379
31379
31380
31391
31392
31401
31401
31401
31408
31413
31413
31422
31435
31439
31442
31444
31448
31448
31449
31451
31454
31468
31470
31473
31477
31480
31481
31486
31488
31488
31491
31492
31493
31494
31494
31495
31497
31500
31503
31504
31506
31510
31525
31525
31526
31530
31538
31538
31539
31543
31544
31544
31556
31564
31586
31587
31589
31590
31590
31593
31604
31609
31610
31611
31616
31618
31619
31621
31636
31642
31643
31645
31647
31649
31651
31653
31658
31659
31662
31663
31674
31682
31686
31688
31688
31690
31693
31698
31700
31702
31708
31709
31711
31711
31713
31723
31724
31725
31735
31742
31750
31752
31756
31760
31771
31774
31774
31775
31777
31779
31782
31782
31783
31783
31784
31802
31804
31811
31812
31815
31816
31817
31819
31829
31834
31838
31842
31858
31862
31864
31872
31875
31876
31877
31877
31882
31883
31895
31896
31898
31899
31902
31906
31909
31915
31915
31915
31922
31926
31927
31928
31936
31939
31943
31944
31944
31945
31960
31961
31963
31975
31977
31980
31983
31992
31994
31994
31996
32001
32002
32007
32008
32014
32017
32023
32027
32031
32034
32038
32041
32044
32048
32051
32051
32055
32056
32059
32062
32068
32080
32082
32084
32085
32087
32094
32097
32100
32102
32102
32103
32108
32109
32109
32114
32116
32121
32123
32146
32147
32155
32161
32167
32171
32182
32182
32185
32187
32191
32191
32195
32195
32196
32196
32217
32220
32220
32221
32225
32227
32231
32242
32244
32244
32253
32254
32258
32261
32262
32263
32272
32279
32280
32301
32305
32308
32312
32314
32325
32337
32340
32341
32342
32342
32344
32356
32360
32363
32370
32374
32380
32381
32382
32384
32389
32392
32398
32399
32402
32419
32419
32421
32428
32438
32438
32445
32447
32447
32448
32453
32455
32455
32461
32463
32470
32481
32486
32488
32489
32489
32491
32491
32491
32501
32502
32502
32505
32518
32525
32528
32533
32536
32537
32544
32545
32558
32561
32561
32572
32581
32581
32584
32589
32594
32595
32599
32612
32618
32619
32620
32627
32630
32631
32642
32651
32654
32654
32670
32673
32680
32682
32685
32690
32692
32693
32697
32697
32698
32706
32716
32719
32719
32721
32725
32728
32730
32747
32750
32750
32758
32769
32772
32779
32785
32786
32792
32797
32799
32800
32801
32806
32813
32814
32818
32822
32823
32828
32830
32837
32849
32853
32856
32858
32860
32862
32862
32862
32867
32872
32879
32879
32885
32888
32891
32900
32902
32902
32907
32908
32911
32915
32915
32919
32922
32923
32926
32929
32930
32934
32938
32939
32942
32953
32955
32962
32964
32968
32976
32982
32985
32996
32997
33009
33011
33013
33018
33037
33047
33050
33051
33054
33058
33062
33062
33064
33065
33068
33068
33076
33085
33085
33085
33094
33108
33109
33119
33132
33133
33135
33137
33137
33145
33157
33161
33169
33173
33173
33178
33179
33184
33186
33188
33190
33193
33194
33196
33213
33217
33221
33222
33222
33228
33229
33234
33235
33240
33255
33258
33262
33266
33273
33274
33277
33282
33284
33286
33298
33300
33307
33309
33309
33310
33313
33314
33322
33322
33328
33332
33337
33341
33342
33353
33356
33356
33359
33359
33362
33365
33372
33372
33373
33376
33379
33380
33394
33395
33395
33400
33401
33409
33410
33423
33426
33427
33430
33431
33433
33436
33437
33439
33446
33448
33451
33456
33464
33465
33469
33470
33471
33477
33481
33481
33486
33489
33495
33501
33501
33515
33517
33523
33526
33532
33535
33538
33544
33544
33546
33552
33555
33555
33559
33560
33570
33570
33570
33571
33573
33574
33577
33580
33582
33586
33588
33591
33596
33597
33600
33601
33617
33618
33626
33626
33637
33640
33641
33644
33650
33651
33652
33656
33662
33663
33663
33666
33668
33678
33684
33684
33685
33686
33692
33693
33699
33700
33700
33703
33705
33709
33712
33715
33717
33718
33718
33734
33736
33750
33751
33759
33759
33763
33767
33775
33778
33791
33799
33804
33806
33816
33826
33831
33831
33832
33835
33844
33846
33851
33852
33854
33858
33864
33866
33870
33874
33876
33882
33887
33888
33888
33890
33895
33900
33901
33906
33908
33911
33915
33931
33935
33938
33946
33948
33948
33948
33959
33962
33968
33978
33984
33985
33989
33990
34002
34004
34011
34017
34018
34021
34023
34026
34032
34040
34042
34042
34042
34044
34044
34045
34048
34053
34057
34068
34072
34077
34077
34078
34079
34085
34088
34095
34099
34107
34110
34124
34128
34128
34137
34138
34139
34146
34159
34164
34166
34168
34173
34179
34186
34190
34191
34192
34193
34194
34204
34205
34206
34211
34212
34213
34218
34218
34220
34221
34226
34232
34233
34235
34238
34239
34240
34241
34241
34246
34246
34251
34254
34254
34256
34260
34260
34261
34265
34275
34275
34279
34296
34303
34308
34312
34313
34314
34316
34324
34325
34337
34339
34342
34348
34353
34358
34367
34371
34373
34375
34392
34398
34408
34413
34415
34417
34424
34429
34434
34435
34436
34446
34452
34458
34460
34461
34472
34477
34477
34481
34491
34491
34492
34507
34508
34512
34515
34517
34523
34528
34532
34532
34533
34540
34543
34546
34547
34547
34549
34551
34557
34563
34564
34567
34567
34568
34583
34584
34584
34600
34602
34608
34610
34615
34618
34620
34624
34627
34630
34631
34635
34640
34641
34643
34645
34648
34650
34656
34658
34663
34669
34678
34678
34691
34692
34693
34703
34706
34709
34712
34716
34730
34740
34741
34743
34743
34744
34750
34753
34755
34757
34762
34762
34763
34764
34771
34771
34771
34774
34790
34790
34794
34798
34802
34804
34808
34821
34823
34851
34852
34860
34869
34875
34880
34886
34891
34892
34893
34894
34896
34902
34903
34904
34910
34912
34912
34915
34915
34916
34922
34930
34936
34937
34938
34941
34942
34943
34945
34949
34955
34957
34960
34967
34968
34971
34975
34983
34986
34997
35014
35016
35017
35022
35023
35029
35034
35039
35053
35061
35064
35064
35069
35079
35081
35089
35092
35096
35098
35108
35109
35113
35114
35115
35115
35115
35128
35132
35135
35143
35146
35153
35157
35172
35173
35175
35183
35185
35195
35197
35200
35216
35219
35223
35224
35225
35227
35230
35232
35234
35238
35249
35250
35258
35260
35264
35266
35286
35286
35287
35289
35294
35295
35296
35299
35300
35301
35302
35312
35315
35320
35322
35323
35324
35326
35328
35335
35348
35350
35352
35354
35356
35361
35363
35364
35372
35374
35379
35385
35389
35391
35391
35393
35395
35398
35402
35406
35407
35409
35417
35419
35421
35421
35424
35430
35435
35437
35440
35448
35451
35461
35461
35463
35464
35469
35480
35488
35488
35497
35499
35500
35500
35504
35505
35516
35520
35520
35523
35523
35526
35536
35551
35553
35559
35570
35577
35583
35584
35587
35590
35590
35598
35602
35606
35611
35618
35618
35622
35638
35641
35651
35652
35652
35652
35659
35665
35673
35675
35676
35677
35690
35691
35691
35699
35714
35715
35728
35729
35731
35731
35732
35736
35737
35739
35742
35761
35763
35763
35796
35799
35799
35799
35801
35814
35815
35817
35819
35820
35830
35832
35832
35833
35838
35842
35845
35847
35851
35854
35855
35855
35855
35857
35858
35861
35862
35863
35865
35865
35865
35876
35879
35882
35886
35889
35892
35896
35897
35897
35901
35905
35908
35909
35912
35914
35918
35920
35923
35926
35927
35930
35932
35945
35949
35951
35953
35954
35966
35966
35970
35973
35976
35979
35995
35998
36000
36002
36007
36020
36020
36024
36025
36027
36042
36045
36051
36052
36054
36055
36057
36060
36061
36067
36068
36076
36086
36089
36089
36089
36094
36096
36111
36114
36124
36126
36137
36141
36142
36143
36146
36149
36156
36163
36164
36164
36164
36169
36175
36179
36181
36191
36205
36215
36216
36221
36227
36234
36234
36239
36245
36247
36249
36254
36259
36262
36272
36275
36279
36281
36292
36293
36294
36297
36304
36304
36307
36322
36326
36327
36330
36332
36333
36334
36337
36353
36357
36358
36359
36368
36370
36383
36385
36387
36391
36391
36394
36401
36404
36410
36416
36418
36422
36424
36425
36429
36429
36434
36437
36438
36440
36441
36445
36449
36451
36452
36452
36455
36456
36456
36458
36461
36461
36467
36472
36473
36475
36476
36476
36477
36484
36484
36498
36498
36499
36500
36502
36508
36511
36521
36521
36522
36527
36531
36533
36557
36560
36563
36565
36567
36577
36584
36587
36587
36594
36601
36612
36619
36624
36632
36634
36640
36643
36659
36661
36662
36672
36679
36682
36683
36683
36683
36688
36704
36704
36711
36713
36714
36716
36718
36722
36722
36733
36733
36736
36742
36752
36752
36757
36761
36769
36769
36770
36770
36772
36781
36783
36785
36790
36794
36802
36808
36809
36822
36828
36829
36835
36837
36842
36844
36849
36851
36853
36855
36856
36859
36862
36869
36875
36887
36891
36896
36903
36910
36915
36917
36919
36923
36928
36929
36931
36936
36937
36938
36939
36939
36941
36942
36945
36960
36960
36964
36968
36968
36968
36970
36976
36977
36977
36981
36987
36987
36990
36991
36998
36999
37000
37002
37003
37019
37023
37026
37027
37029
37034
37037
37041
37044
37048
37061
37063
37063
37065
37071
37072
37073
37078
37085
37091
37092
37097
37103
37119
37120
37121
37125
37125
37128
37140
37142
37143
37147
37156
37160
37161
37166
37169
37173
37187
37191
37198
37198
37208
37209
37217
37220
37225
37227
37231
37232
37232
37246
37255
37257
37262
37263
37274
37275
37276
37292
37294
37294
37300
37302
37304
37305
37309
37315
37316
37319
37321
37324
37352
37352
37362
37368
37370
37378
37379
37381
37381
37381
37386
37387
37387
37390
37391
37397
37402
37403
37407
37411
37412
37415
37418
37418
37418
37421
37443
37447
37453
37458
37462
37471
37473
37478
37478
37481
37486
37486
37489
37492
37495
37495
37498
37502
37505
37507
37507
37507
37509
37513
37516
37522
37525
37539
37550
37551
37554
37555
37555
37557
37562
37562
37568
37573
37580
37586
37589
37595
37602
37605
37610
37617
37620
37625
37626
37629
37638
37640
37646
37647
37648
37665
37670
37673
37683
37686
37688
37689
37691
37692
37693
37700
37708
37712
37717
37718
37721
37729
37730
37730
37733
37735
37740
37751
37751
37755
37756
37756
37759
37771
37774
37775
37779
37781
37784
37791
37793
37796
37798
37800
37801
37810
37817
37820
37824
37825
37833
37836
37840
37841
37842
37844
37850
37853
37865
37874
37884
37886
37892
37893
37895
37897
37906
37910
37911
37911
37923
37925
37931
37933
37938
37946
37949
37958
37973
37974
37977
37978
37981
37997
38019
38019
38024
38024
38026
38034
38044
38072
38075
38078
38086
38091
38097
38097
38099
38105
38115
38124
38125
38128
38129
38134
38138
38141
38147
38149
38156
38167
38173
38177
38181
38194
38197
38198
38198
38200
38200
38202
38203
38205
38209
38217
38228
38229
38229
38232
38235
38240
38241
38242
38243
38244
38247
38248
38249
38254
38258
38260
38260
38263
38267
38268
38272
38273
38274
38277
38278
38286
38292
38300
38302
38302
38307
38311
38312
38313
38314
38319
38320
38320
38324
38324
38335
38336
38350
38357
38360
38364
38365
38372
38374
38380
38395
38400
38400
38404
38409
38410
38419
38422
38428
38430
38431
38443
38446
38447
38451
38464
38481
38483
38486
38493
38495
38504
38506
38510
38511
38512
38513
38514
38516
38516
38518
38522
38522
38523
38530
38534
38536
38536
38537
38540
38542
38542
38564
38572
38579
38585
38593
38594
38595
38596
38599
38601
38609
38613
38617
38618
38620
38623
38628
38628
38632
38636
38639
38639
38645
38647
38650
38654
38660
38666
38669
38670
38671
38677
38682
38683
38684
38688
38690
38693
38694
38695
38699
38699
38700
38704
38706
38729
38730
38738
38740
38740
38744
38750
38751
38754
38770
38779
38781
38783
38787
38791
38792
38794
38794
38795
38795
38805
38806
38814
38819
38821
38829
38832
38835
38839
38842
38845
38850
38858
38860
38866
38868
38870
38874
38875
38875
38886
38887
38888
38895
38896
38896
38898
38900
38900
38909
38913
38914
38915
38922
38922
38924
38924
38926
38935
38937
38937
38940
38940
38946
38948
38957
38960
38963
38967
38979
38983
38989
38990
38991
38999
39005
39009
39009
39019
39019
39021
39023
39024
39024
39028
39032
39036
39038
39038
39039
39040
39043
39048
39052
39055
39056
39058
39072
39078
39079
39080
39092
39096
39096
39097
39098
39100
39106
39108
39116
39118
39120
39124
39129
39140
39141
39147
39150
39154
39156
39157
39161
39163
39166
39167
39167
39169
39169
39169
39174
39180
39181
39182
39199
39203
39205
39206
39213
39217
39227
39227
39228
39230
39238
39242
39247
39252
39254
39255
39255
39256
39259
39261
39271
39272
39275
39279
39279
39285
39287
39294
39296
39302
39310
39313
39315
39329
39329
39337
39343
39345
39346
39351
39352
39359
39363
39372
39376
39382
39390
39398
39410
39410
39411
39423
39425
39430
39434
39442
39452
39455
39455
39456
39456
39458
39458
39461
39462
39466
39475
39491
39494
39496
39504
39507
39514
39516
39520
39527
39528
39528
39530
39538
39539
39551
39554
39568
39569
39573
39587
39587
39592
39594
39595
39602
39602
39603
39603
39608
39623
39624
39625
39629
39629
39629
39630
39633
39638
39642
39644
39661
39669
39679
39683
39688
39691
39694
39696
39696
39707
39707
39710
39712
39714
39714
39716
39717
39721
39736
39737
39742
39755
39765
39766
39768
39771
39771
39772
39774
39776
39777
39778
39779
39781
39784
39792
39794
39799
39800
39804
39804
39806
39817
39819
39824
39838
39841
39841
39845
39853
39853
39854
39858
39861
39871
39874
39874
39881
39891
39891
39893
39896
39901
39901
39902
39906
39910
39916
39916
39916
39919
39920
39925
39928
39938
39940
39949
39951
39952
39957
39961
39964
39967
39970
39977
39984
39988
39989
39992
39997
39997
39999
40000
40001
40004
40008
40012
40012
40013
40015
40021
40022
40033
40042
40042
40043
40045
40048
40052
40053
40061
40062
40063
40063
40063
40063
40064
40072
40074
40079
40085
40085
40086
40087
40089
40090
40090
40101
40112
40114
40114
40123
40125
40127
40137
40146
40148
40151
40154
40154
40157
40159
40161
40163
40164
40165
40167
40167
40177
40188
40192
40194
40194
40195
40196
40197
40204
40205
40207
40208
40216
40220
40225
40226
40226
40227
40228
40240
40244
40244
40245
40248
40249
40255
40256
40259
40260
40263
40265
40285
40288
40297
40305
40309
40320
40323
40323
40325
40327
40331
40336
40343
40344
40351
40352
40359
40365
40366
40366
40373
40374
40379
40391
40394
40402
40402
40408
40409
40413
40413
40418
40419
40419
40424
40428
40431
40432
40435
40442
40446
40449
40451
40460
40466
40472
40473
40475
40476
40483
40484
40485
40491
40495
40499
40499
40501
40504
40504
40504
40506
40510
40528
40529
40531
40532
40533
40533
40536
40538
40539
40551
40553
40554
40574
40575
40577
40581
40583
40591
40592
40596
40599
40600
40608
40614
40618
40619
40627
40636
40636
40639
40641
40641
40647
40655
40655
40659
40663
40663
40667
40668
40681
40691
40692
40695
40698
40698
40709
40717
40722
40722
40723
40726
40732
40740
40744
40746
40747
40749
40749
40759
40759
40761
40771
40771
40772
40781
40782
40784
40790
40791
40792
40795
40803
40808
40810
40815
40826
40827
40839
40840
40854
40855
40856
40881
40890
40895
40902
40909
40913
40914
40920
40922
40926
40931
40935
40939
40940
40940
40943
40947
40952
40965
40973
40979
40983
40985
40990
41002
41003
41003
41013
41013
41018
41024
41028
41036
41038
41040
41053
41054
41055
41057
41068
41069
41074
41074
41074
41077
41077
41078
41081
41082
41089
41092
41100
41107
41107
41108
41109
41110
41112
41112
41115
41115
41121
41126
41127
41130
41130
41133
41141
41143
41143
41152
41154
41165
41172
41176
41181
41198
41199
41211
41216
41216
41218
41220
41231
41233
41234
41235
41238
41241
41245
41247
41254
41259
41259
41266
41269
41278
41287
41295
41300
41309
41316
41317
41325
41326
41327
41333
41338
41338
41347
41348
41356
41357
41357
41358
41363
41367
41378
41379
41381
41382
41385
41393
41408
41409
41409
41410
41415
41423
41423
41427
41429
41431
41437
41438
41438
41441
41441
41443
41444
41447
41451
41460
41461
41466
41468
41476
41481
41490
41500
41507
41511
41520
41521
41529
41537
41545
41547
41548
41548
41549
41549
41557
41558
41567
41570
41573
41577
41580
41591
41591
41599
41600
41634
41634
41651
41663
41664
41671
41680
41682
41683
41684
41687
41687
41688
41689
41690
41694
41694
41695
41703
41709
41714
41715
41721
41722
41724
41726
41734
41737
41743
41750
41761
41765
41770
41773
41774
41782
41782
41784
41807
41812
41812
41826
41827
41835
41838
41840
41841
41846
41849
41851
41855
41865
41877
41879
41880
41881
41882
41894
41897
41898
41898
41901
41913
41914
41916
41922
41923
41923
41925
41925
41925
41931
41934
41934
41942
41953
41957
41958
41963
41963
41968
41969
41987
41987
41995
41995
42006
42012
42021
42040
42043
42052
42058
42059
42065
42066
42070
42071
42082
42087
42087
42095
42096
42103
42108
42111
42117
42117
42121
42125
42126
42136
42137
42144
42144
42148
42149
42151
42151
42154
42155
42159
42159
42165
42167
42168
42175
42176
42178
42180
42182
42182
42185
42188
42191
42198
42200
42203
42227
42228
42235
42238
42251
42256
42257
42269
42270
42271
42286
42287
42295
42296
42297
42301
42302
42304
42311
42317
42322
42325
42332
42335
42336
42338
42339
42343
42347
42359
42362
42364
42372
42372
42383
42384
42385
42385
42391
42402
42417
42420
42420
42421
42423
42426
42427
42429
42431
42433
42435
42435
42438
42441
42442
42443
42447
42453
42455
42456
42461
42462
42465
42466
42469
42472
42473
42482
42486
42500
42503
42503
42503
42506
42508
42510
42511
42516
42516
42517
42519
42525
42530
42534
42536
42540
42547
42549
42557
42564
42564
42574
42575
42578
42579
42585
42587
42590
42604
42606
42607
42619
42620
42626
42631
42632
42643
42644
42645
42654
42657
42661
42663
42670
42675
42676
42678
42678
42698
42700
42701
42714
42715
42716
42718
42725
42726
42727
42739
42747
42749
42752
42760
42762
42769
42769
42773
42774
42778
42779
42780
42786
42787
42796
42801
42812
42818
42819
42822
42825
42833
42834
42835
42837
42844
42845
42856
42858
42865
42866
42873
42880
42881
42881
42890
42895
42900
42902
42922
42935
42935
42937
42938
42939
42939
42946
42947
42948
42951
42958
42958
42961
42962
42965
42965
42965
42966
42967
42969
42969
42969
42971
42975
42981
42985
42988
42991
42996
43010
43012
43016
43020
43025
43032
43042
43045
43048
43050
43050
43053
43056
43057
43061
43065
43067
43072
43079
43080
43088
43090
43095
43101
43103
43117
43118
43119
43129
43133
43134
43147
43157
43160
43161
43172
43183
43203
43219
43227
43229
43229
43231
43231
43232
43237
43238
43240
43240
43243
43257
43260
43261
43263
43263
43269
43273
43276
43286
43290
43301
43307
43308
43309
43313
43315
43319
43323
43329
43332
43334
43337
43349
43349
43358
43362
43364
43371
43379
43381
43385
43399
43402
43408
43414
43422
43426
43431
43432
43437
43444
43446
43446
43447
43449
43457
43458
43462
43466
43477
43479
43485
43488
43491
43496
43500
43512
43514
43516
43521
43532
43538
43540
43541
43542
43548
43549
43550
43553
43568
43572
43575
43578
43585
43588
43589
43592
43593
43594
43596
43598
43602
43605
43615
43616
43628
43629
43633
43638
43644
43657
43660
43661
43664
43669
43671
43677
43682
43682
43683
43684
43688
43690
43696
43696
43698
43702
43705
43707
43713
43715
43721
43731
43737
43763
43768
43781
43785
43788
43797
43797
43798
43800
43802
43811
43813
43815
43816
43817
43817
43819
43825
43827
43827
43828
43831
43838
43842
43847
43851
43854
43858
43862
43863
43868
43870
43871
43879
43892
43894
43906
43907
43912
43913
43916
43919
43923
43924
43928
43933
43935
43938
43939
43943
43944
43945
43965
43965
43972
43973
43977
43980
43988
43988
43998
44000
44001
44001
44006
44007
44008
44009
44013
44014
44025
44026
44030
44031
44038
44039
44040
44041
44042
44048
44053
44056
44063
44065
44069
44073
44075
44078
44081
44082
44084
44085
44091
44094
44107
44108
44113
44121
44137
44141
44143
44145
44146
44154
44163
44163
44163
44168
44172
44173
44174
44174
44179
44200
44208
44224
44225
44228
44233
44235
44238
44243
44243
44251
44266
44275
44275
44281
44282
44283
44290
44293
44297
44301
44305
44305
44316
44318
44320
44320
44321
44321
44322
44323
44323
44331
44333
44335
44343
44345
44348
44349
44349
44350
44352
44352
44356
44358
44360
44366
44370
44373
44384
44385
44388
44390
44391
44405
44409
44415
44417
44426
44426
44443
44451
44455
44460
44464
44465
44467
44471
44472
44476
44480
44481
44481
44483
44484
44493
44494
44495
44496
44502
44511
44512
44513
44515
44516
44516
44519
44526
44528
44531
44531
44532
44543
44545
44547
44548
44549
44552
44553
44554
44561
44565
44566
44569
44570
44570
44571
44573
44579
44587
44597
44598
44601
44605
44612
44612
44614
44620
44624
44626
44632
44633
44641
44642
44653
44655
44658
44663
44666
44684
44685
44691
44696
44698
44699
44701
44707
44709
44715
44719
44720
44724
44725
44732
44732
44738
44739
44742
44748
44750
44754
44758
44760
44771
44771
44779
44789
44792
44797
44799
44803
44809
44811
44814
44818
44821
44821
44831
44841
44842
44843
44846
44848
44851
44852
44855
44855
44858
44860
44861
44863
44863
44869
44879
44879
44879
44879
44889
44891
44891
44894
44897
44897
44903
44907
44910
44911
44914
44918
44918
44919
44932
44936
44939
44941
44943
44944
44951
44958
44961
44961
44964
44965
44968
44970
44971
44971
44974
44977
44985
44995
44998
45000
45004
45005
45008
45017
45020
45024
45036
45041
45042
45043
45048
45053
45057
45059
45060
45069
45070
45078
45081
45081
45084
45084
45092
45093
45094
45096
45101
45105
45108
45109
45109
45114
45120
45121
45132
45135
45136
45139
45141
45141
45141
45141
45145
45150
45151
45152
45155
45155
45161
45161
45176
45183
45186
45186
45189
45194
45195
45199
45205
45206
45208
45210
45211
45213
45214
45215
45220
45221
45224
45235
45245
45247
45249
45251
45260
45260
45264
45265
45269
45273
45278
45280
45281
45285
45286
45289
45301
45304
45304
45305
45314
45317
45318
45323
45323
45325
45328
45331
45337
45338
45345
45346
45347
45347
45354
45361
45366
45381
45386
45394
45402
45407
45415
45426
45429
45433
45437
45439
45441
45443
45444
45448
45450
45450
45456
45460
45468
45474
45475
45476
45477
45479
45480
45494
45495
45496
45497
45498
45504
45509
45513
45514
45526
45527
45534
45542
45545
45546
45546
45549
45550
45568
45571
45571
45589
45595
45600
45601
45607
45608
45612
45619
45627
45628
45630
45636
45641
45649
45650
45652
45656
45659
45669
45670
45671
45676
45679
45681
45684
45684
45691
45697
45699
45706
45708
45712
45715
45716
45720
45720
45726
45727
45732
45743
45747
45751
45754
45755
45755
45760
45761
45771
45773
45784
45786
45788
45793
45803
45805
45809
45810
45814
45820
45841
45846
45847
45853
45854
45859
45861
45863
45876
45878
45889
45895
45895
45903
45904
45910
45932
45934
45940
45948
45950
45956
45957
45958
45960
45968
45979
45981
45983
45986
45986
45987
45991
45991
45992
45993
46001
46007
46009
46009
46012
46013
46014
46015
46023
46024
46035
46036
46037
46039
46041
46042
46044
46045
46046
46054
46056
46059
46068
46083
46084
46084
46089
46092
46093
46094
46096
46098
46101
46103
46104
46106
46107
46107
46111
46118
46128
46135
46140
46153
46161
46164
46167
46170
46174
46175
46182
46185
46189
46195
46202
46205
46218
46223
46227
46227
46228
46233
46233
46236
46239
46241
46244
46244
46249
46250
46251
46264
46273
46282
46288
46289
46293
46300
46302
46304
46312
46313
46319
46319
46320
46322
46323
46329
46336
46337
46341
46342
46343
46343
46348
46351
46353
46356
46368
46376
46377
46377
46384
46391
46395
46396
46403
46407
46409
46412
46414
46415
46416
46416
46419
46423
46434
46435
46438
46438
46447
46448
46449
46449
46454
46455
46467
46473
46482
46484
46485
46488
46489
46493
46494
46499
46503
46508
46510
46520
46527
46532
46533
46538
46540
46546
46556
46556
46557
46559
46559
46564
46581
46582
46585
46586
46602
46604
46607
46616
46621
46622
46624
46625
46625
46628
46628
46628
46633
46633
46639
46641
46643
46648
46654
46655
46655
46657
46657
46679
46680
46682
46683
46684
46686
46686
46690
46690
46691
46697
46703
46708
46708
46709
46710
46715
46717
46717
46719
46724
46731
46735
46735
46746
46747
46748
46750
46751
46757
46764
46765
46768
46771
46772
46772
46787
46789
46792
46798
46799
46802
46806
46810
46812
46814
46822
46825
46831
46831
46831
46832
46843
46849
46856
46857
46863
46869
46871
46874
46874
46875
46876
46877
46889
46891
46892
46898
46900
46901
46904
46909
46909
46912
46915
46918
46922
46925
46931
46933
46934
46947
46954
46966
46966
46969
46971
46974
46983
46983
46984
46989
46989
46997
46999
47000
47002
47006
47006
47012
47015
47017
47028
47032
47034
47043
47049
47049
47054
47055
47055
47056
47060
47077
47078
47083
47086
47087
47089
47094
47103
47104
47108
47109
47111
47114
47123
47125
47126
47128
47130
47140
47141
47146
47153
47154
47156
47156
47159
47159
47164
47166
47169
47173
47175
47179
47180
47181
47187
47188
47190
47192
47197
47204
47205
47208
47208
47211
47214
47229
47231
47232
47238
47238
47254
47255
47261
47262
47263
47264
47268
47269
47275
47277
47279
47284
47288
47290
47303
47315
47317
47321
47325
47327
47330
47331
47341
47343
47348
47348
47349
47349
47349
47356
47358
47368
47374
47382
47387
47393
47394
47396
47396
47398
47398
47408
47410
47415
47419
47423
47437
47438
47440
47440
47442
47443
47448
47450
47452
47462
47468
47480
47490
47495
47500
47501
47509
47511
47521
47529
47532
47533
47533
47536
47540
47543
47544
47545
47545
47548
47550
47556
47556
47560
47562
47564
47570
47583
47586
47589
47590
47595
47598
47602
47603
47604
47606
47608
47613
47617
47623
47626
47634
47638
47642
47646
47646
47647
47654
47656
47657
47662
47664
47665
47675
47681
47682
47683
47684
47689
47701
47705
47708
47710
47717
47717
47723
47723
47736
47737
47742
47742
47745
47748
47748
47750
47752
47752
47753
47756
47760
47762
47767
47768
47768
47769
47770
47772
47775
47784
47786
47786
47790
47790
47798
47801
47808
47811
47817
47818
47826
47832
47835
47836
47837
47837
47839
47840
47848
47849
47856
47859
47863
47864
47865
47867
47869
47875
47886
47891
47892
47902
47903
47905
47906
47907
47911
47914
47926
47936
47940
47943
47949
47949
47956
47960
47964
47965
47967
47968
47973
47974
47975
47983
47984
47986
47992
47992
48007
48015
48016
48017
48018
48024
48034
48045
48046
48047
48048
48050
48056
48059
48062
48063
48069
48077
48083
48086
48087
48092
48094
48094
48101
48110
48111
48112
48113
48115
48115
48117
48120
48128
48131
48132
48137
48154
48154
48156
48158
48159
48162
48163
48164
48165
48174
48182
48194
48206
48213
48218
48222
48223
48229
48231
48238
48245
48246
48248
48252
48263
48267
48270
48272
48277
48281
48284
48284
48287
48289
48291
48292
48294
48300
48302
48307
48314
48315
48317
48317
48319
48322
48326
48327
48342
48347
48348
48354
48356
48371
48374
48406
48406
48415
48416
48417
48418
48429
48433
48435
48443
48448
48450
48453
48454
48462
48475
48478
48480
48482
48488
48489
48496
48498
48499
48500
48500
48503
48517
48520
48520
48522
48525
48525
48526
48531
48531
48534
48539
48539
48540
48543
48546
48551
48553
48562
48562
48566
48568
48569
48570
48572
48583
48586
48592
48599
48606
48616
48620
48620
48622
48630
48630
48632
48633
48637
48638
48642
48643
48655
48658
48658
48661
48663
48665
48670
48679
48679
48679
48679
48681
48685
48685
48686
48690
48706
48710
48711
48712
48717
48720
48729
48735
48739
48740
48749
48750
48751
48755
48758
48763
48764
48774
48775
48780
48786
48786
48799
48805
48806
48810
48810
48824
48827
48828
48835
48840
48845
48869
48870
48871
48872
48874
48884
48889
48890
48890
48894
48897
48906
48907
48909
48909
48923
48937
48937
48940
48941
48942
48944
48952
48952
48960
48961
48969
48969
48982
48998
49006
49009
49020
49021
49025
49026
49028
49036
49043
49064
49064
49065
49068
49077
49082
49087
49088
49102
49107
49108
49108
49112
49117
49123
49131
49135
49144
49147
49150
49152
49160
49176
49180
49182
49183
49185
49186
49189
49196
49198
49201
49202
49203
49206
49213
49215
49215
49230
49233
49237
49243
49245
49245
49249
49254
49258
49262
49266
49275
49278
49278
49281
49282
49282
49284
49289
49291
49304
49307
49315
49317
49323
49327
49327
49341
49345
49361
49362
49365
49371
49372
49375
49376
49379
49381
49389
49390
49391
49393
49393
49393
49395
49398
49399
49400
49409
49413
49416
49431
49435
49437
49437
49437
49442
49442
49444
49446
49446
49449
49451
49455
49456
49457
49460
49463
49478
49481
49485
49485
49487
49487
49491
49493
49496
49506
49511
49515
49516
49525
49527
49536
49548
49551
49565
49575
49578
49584
49588
49588
49593
49595
49604
49607
49622
49624
49627
49630
49631
49634
49634
49642
49644
49647
49647
49648
49650
49652
49653
49659
49660
49668
49678
49687
49698
49705
49705
49706
49710
49716
49722
49723
49727
49731
49736
49740
49740
49744
49747
49756
49761
49764
49766
49766
49767
49771
49773
49775
49782
49782
49790
49793
49808
49809
49811
49816
49821
49821
49830
49849
49858
49859
49863
49870
49881
49881
49890
49890
49892
49893
49895
49900
49903
49904
49913
49920
49925
49926
49933
49936
49955
49955
49962
49964
49968
49969
49971
49971
49976
49978
49981
49983
49988
49988
49990
50004
50009
50009
50011
50013
50018
50018
50019
50019
50019
50021
50025
50029
50030
50030
50038
50039
50047
50048
50049
50052
50054
50057
50059
50061
50062
50064
50068
50071
50073
50074
50074
50077
50085
50085
50097
50104
50106
50110
50112
50120
50122
50122
50124
50133
50142
50142
50149
50150
50161
50163
50166
50172
50174
50175
50178
50180
50185
50185
50187
50187
50188
50198
50206
50213
50216
50218
50220
50228
50239
50248
50254
50255
50258
50261
50262
50264
50264
50264
50265
50267
50272
50272
50274
50283
50287
50292
50305
50320
50321
50321
50323
50324
50325
50329
50333
50338
50341
50344
50345
50347
50348
50349
50350
50354
50356
50364
50364
50370
50387
50388
50388
50389
50392
50393
50403
50404
50413
50424
50426
50426
50431
50433
50434
50442
50443
50445
50448
50448
50450
50452
50457
50467
50468
50470
50475
50477
50481
50487
50502
50503
50504
50505
50511
50516
50517
50519
50533
50534
50536
50558
50562
50566
50568
50569
50584
50588
50590
50595
50595
50597
50600
50603
50611
50616
50622
50630
50630
50639
50642
50643
50644
50649
50656
50658
50660
50664
50665
50666
50672
50677
50677
50678
50681
50700
50701
50703
50707
50707
50708
50711
50722
50722
50730
50732
50732
50738
50753
50755
50756
50758
50760
50762
50764
50775
50781
50782
50782
50783
50784
50784
50787
50790
50790
50794
50807
50811
50815
50815
50818
50822
50825
50830
50830
50839
50844
50861
50865
50870
50879
50885
50888
50890
50891
50897
50897
50899
50902
50906
50911
50917
50920
50920
50927
50935
50937
50940
50943
50948
50949
50953
50960
50962
50967
50988
50989
50991
50992
50994
50994
51012
51015
51015
51015
51019
51023
51025
51038
51042
51046
51055
51068
51068
51077
51078
51078
51084
51090
51092
51096
51102
51104
51106
51106
51109
51116
51118
51119
51121
51123
51127
51132
51133
51138
51157
51159
51160
51161
51162
51163
51165
51166
51166
51172
51176
51177
51192
51207
51208
51211
51221
51248
51250
51252
51254
51256
51257
51268
51270
51275
51276
51278
51280
51283
51292
51305
51308
51308
51312
51319
51319
51320
51321
51326
51340
51343
51352
51358
51359
51361
51369
51371
51371
51371
51372
51385
51387
51391
51393
51394
51395
51397
51401
51415
51416
51421
51427
51430
51445
51455
51458
51464
51470
51474
51485
51486
51489
51493
51493
51508
51509
51516
51518
51524
51532
51535
51537
51545
51545
51548
51557
51560
51561
51564
51570
51579
51583
51588
51595
51595
51606
51608
51612
51620
51628
51650
51650
51654
51661
51664
51672
51676
51681
51690
51695
51696
51697
51699
51701
51702
51705
51710
51715
51716
51719
51720
51721
51725
51735
51736
51740
51743
51744
51756
51762
51764
51767
51767
51776
51779
51785
51786
51788
51790
51790
51794
51796
51797
51798
51811
51813
51814
51818
51818
51818
51821
51821
51824
51826
51829
51829
51829
51832
51837
51843
51845
51848
51850
51851
51862
51866
51867
51875
51879
51882
51886
51887
51888
51890
51891
51893
51894
51900
51902
51905
51905
51907
51913
51913
51915
51916
51917
51924
51926
51929
51932
51937
51939
51939
51942
51942
51951
51953
51957
51957
51963
51965
51970
51975
51978
51988
51989
51990
51994
52000
52003
52004
52004
52020
52024
52049
52053
52064
52064
52064
52064
52065
52068
52073
52076
52076
52083
52086
52088
52092
52117
52119
52120
52121
52121
52124
52128
52135
52141
52148
52161
52166
52172
52175
52175
52181
52187
52191
52194
52202
52203
52206
52207
52208
52210
52218
52218
52227
52232
52235
52236
52241
52242
52245
52246
52260
52263
52264
52266
52271
52272
52274
52274
52274
52280
52281
52284
52295
52300
52305
52305
52318
52323
52326
52326
52343
52344
52346
52349
52351
52353
52353
52364
52370
52385
52390
52395
52396
52396
52403
52404
52405
52407
52409
52411
52414
52423
52424
52424
52425
52442
52444
52460
52464
52468
52469
52485
52489
52491
52493
52494
52497
52505
52506
52519
52521
52533
52545
52549
52557
52558
52564
52597
52602
52603
52605
52606
52621
52629
52635
52637
52638
52654
52661
52684
52687
52692
52693
52694
52705
52718
52725
52734
52735
52738
52743
52761
52769
52769
52773
52774
52777
52780
52780
52780
52782
52785
52790
52790
52796
52799
52805
52808
52811
52816
52817
52818
52819
52822
52824
52825
52829
52832
52842
52842
52851
52853
52854
52856
52860
52861
52862
52863
52866
52871
52882
52885
52888
52891
52891
52896
52897
52906
52907
52907
52907
52915
52919
52924
52926
52931
52931
52934
52939
52945
52954
52964
52967
52969
52970
52970
52971
52978
52979
52980
52984
52985
52989
53000
53014
53017
53018
53021
53022
53026
53038
53044
53051
53055
53060
53064
53070
53073
53076
53104
53117
53129
53136
53137
53138
53139
53139
53141
53150
53163
53165
53166
53169
53173
53177
53178
53185
53192
53199
53201
53201
53204
53204
53209
53226
53230
53234
53241
53242
53243
53252
53263
53274
53275
53279
53280
53286
53289
53291
53293
53299
53302
53307
53314
53319
53319
53320
53326
53331
53332
53334
53335
53338
53351
53352
53353
53363
53363
53368
53372
53373
53374
53374
53378
53378
53385
53391
53391
53394
53395
53403
53408
53414
53424
53426
53427
53427
53441
53447
53447
53449
53454
53455
53457
53458
53459
53460
53461
53463
53465
53465
53466
53471
53472
53477
53478
53483
53484
53485
53486
53486
53487
53490
53490
53493
53502
53504
53506
53508
53508
53518
53520
53522
53529
53537
53539
53543
53545
53547
53550
53551
53561
53561
53571
53577
53583
53587
53589
53590
53590
53593
53604
53607
53612
53617
53621
53627
53631
53635
53636
53648
53649
53649
53649
53655
53655
53656
53658
53664
53665
53665
53669
53670
53679
53679
53680
53681
53684
53684
53686
53689
53693
53697
53705
53707
53709
53711
53712
53723
53725
53727
53728
53732
53735
53736
53737
53741
53743
53747
53750
53769
53770
53779
53781
53785
53794
53800
53802
53810
53812
53817
53818
53842
53845
53852
53858
53861
53864
53869
53879
53879
53882
53889
53891
53893
53906
53907
53908
53910
53912
53917
53918
53925
53926
53930
53930
53931
53940
53945
53957
53960
53961
53962
53964
53967
53969
53976
53982
53984
53989
53990
53992
53995
54005
54006
54015
54023
54027
54034
54035
54035
54038
54039
54043
54047
54049
54050
54054
54055
54061
54064
54068
54071
54071
54080
54093
54100
54112
54113
54120
54120
54133
54135
54136
54145
54146
54152
54156
54166
54167
54171
54173
54179
54179
54181
54184
54191
54192
54194
54197
54198
54206
54210
54210
54214
54220
54221
54222
54223
54225
54229
54234
54246
54255
54257
54259
54259
54262
54263
54263
54275
54283
54285
54292
54293
54296
54297
54300
54307
54310
54313
54315
54320
54320
54322
54328
54336
54345
54347
54348
54352
54353
54360
54360
54361
54366
54368
54370
54372
54374
54383
54384
54385
54386
54388
54393
54395
54406
54407
54410
54411
54411
54412
54413
54416
54416
54419
54424
54427
54427
54429
54430
54442
54445
54446
54453
54455
54457
54465
54467
54471
54475
54478
54486
54486
54490
54494
54495
54498
54498
54499
54500
54501
54501
54512
54519
54525
54527
54531
54538
54540
54543
54544
54548
54551
54551
54571
54579
54594
54597
54601
54612
54615
54618
54628
54629
54632
54632
54632
54635
54649
54651
54653
54656
54657
54657
54661
54665
54672
54675
54677
54680
54681
54689
54705
54711
54718
54721
54723
54724
54726
54755
54757
54758
54758
54759
54760
54761
54764
54776
54777
54780
54784
54787
54788
54792
54793
54795
54798
54802
54809
54811
54812
54820
54823
54825
54830
54831
54833
54845
54851
54854
54861
54861
54867
54879
54879
54880
54881
54896
54897
54904
54910
54932
54932
54932
54935
54939
54941
54945
54946
54949
54951
54967
54970
54975
54978
54979
55005
55012
55014
55015
55019
55020
55037
55038
55041
55050
55051
55052
55052
55070
55074
55078
55084
55088
55097
55122
55126
55131
55132
55132
55145
55146
55148
55154
55155
55158
55159
55162
55167
55172
55173
55178
55180
55183
55185
55186
55189
55196
55196
55199
55205
55212
55220
55222
55222
55227
55229
55230
55235
55243
55258
55267
55270
55274
55275
55275
55281
55284
55297
55299
55303
55311
55311
55323
55324
55327
55329
55329
55336
55339
55345
55350
55352
55363
55368
55374
55377
55381
55386
55388
55389
55391
55393
55396
55399
55400
55400
55400
55404
55405
55405
55412
55421
55422
55423
55425
55427
55429
55430
55432
55439
55446
55452
55461
55462
55471
55472
55474
55478
55480
55482
55484
55493
55493
55496
55499
55501
55508
55510
55512
55524
55530
55535
55537
55540
55548
55550
55553
55554
55556
55556
55558
55559
55566
55572
55577
55577
55578
55580
55581
55582
55582
55593
55604
55604
55604
55605
55607
55609
55611
55612
55615
55616
55619
55627
55643
55648
55648
55651
55656
55664
55667
55669
55671
55674
55683
55685
55689
55700
55702
55708
55709
55710
55712
55716
55718
55729
55732
55737
55739
55746
55748
55748
55752
55754
55759
55760
55760
55761
55766
55768
55769
55770
55772
55774
55776
55777
55777
55777
55782
55785
55792
55792
55797
55798
55800
55802
55804
55807
55808
55818
55819
55826
55834
55841
55841
55842
55843
55843
55843
55845
55848
55857
55860
55861
55861
55861
55862
55862
55870
55873
55885
55896
55900
55902
55904
55913
55915
55917
55918
55920
55931
55933
55934
55934
55938
55938
55949
55956
55960
55963
55963
55974
55976
55985
55986
55987
55987
55988
55998
55999
56007
56010
56013
56015
56018
56019
56019
56022
56023
56031
56034
56034
56043
56044
56051
56054
56057
56060
56065
56073
56082
56083
56086
56097
56097
56098
56103
56106
56107
56110
56112
56114
56125
56131
56131
56144
56151
56154
56167
56175
56177
56182
56184
56186
56187
56188
56194
56196
56201
56203
56213
56214
56218
56218
56223
56229
56230
56235
56244
56246
56250
56251
56252
56259
56264
56265
56265
56271
56274
56277
56282
56285
56286
56288
56288
56290
56291
56300
56305
56308
56313
56314
56315
56316
56317
56319
56321
56324
56327
56327
56328
56348
56349
56355
56356
56357
56357
56362
56362
56367
56368
56371
56371
56373
56377
56381
56382
56384
56393
56394
56395
56396
56397
56408
56409
56413
56424
56428
56434
56436
56445
56454
56458
56461
56464
56469
56480
56482
56483
56488
56494
56494
56501
56506
56508
56513
56516
56525
56543
56546
56549
56559
56561
56562
56563
56571
56575
56582
56584
56588
56596
56601
56601
56603
56604
56607
56609
56610
56612
56616
56616
56619
56625
56627
56627
56627
56634
56636
56639
56654
56654
56656
56658
56671
56677
56677
56681
56686
56687
56687
56690
56690
56696
56707
56708
56725
56727
56734
56742
56746
56749
56749
56757
56759
56765
56770
56773
56781
56781
56788
56788
56804
56805
56818
56818
56821
56826
56836
56840
56841
56842
56843
56849
56850
56860
56865
56866
56867
56874
56882
56892
56901
56903
56910
56913
56920
56922
56924
56928
56930
56931
56938
56938
56938
56939
56940
56943
56944
56950
56951
56959
56959
56961
56966
56976
56977
56980
56982
56985
56989
56994
57000
57000
57004
57007
57012
57013
57014
57020
57020
57021
57022
57026
57029
57033
57034
57046
57048
57051
57069
57071
57088
57090
57107
57109
57110
57111
57112
57112
57117
57144
57146
57151
57156
57156
57161
57167
57172
57182
57187
57188
57190
57197
57199
57199
57202
57205
57206
57211
57216
57217
57217
57222
57222
57225
57226
57235
57246
57247
57250
57253
57254
57257
57264
57266
57268
57268
57269
57270
57272
57272
57272
57273
57274
57279
57280
57281
57283
57287
57302
57314
57317
57321
57322
57323
57324
57328
57338
57338
57339
57344
57347
57347
57347
57348
57355
57356
57358
57358
57361
57362
57369
57369
57372
57374
57377
57392
57397
57400
57401
57403
57405
57407
57407
57409
57411
57412
57414
57424
57425
57427
57430
57435
57440
57448
57460
57461
57463
57467
57470
57473
57475
57475
57481
57484
57485
57492
57494
57502
57511
57512
57515
57515
57519
57522
57522
57528
57534
57536
57537
57538
57547
57552
57563
57577
57578
57583
57586
57589
57594
57595
57597
57605
57607
57611
57612
57615
57616
57622
57623
57629
57630
57631
57634
57640
57641
57642
57643
57644
57649
57651
57652
57654
57658
57661
57662
57664
57666
57682
57692
57693
57693
57695
57702
57709
57712
57715
57715
57721
57729
57737
57739
57742
57742
57743
57756
57763
57766
57771
57772
57781
57786
57787
57789
57790
57792
57793
57794
57795
57803
57806
57809
57812
57814
57817
57840
57842
57863
57880
57881
57887
57897
57898
57908
57908
57912
57915
57921
57922
57940
57943
57956
57957
57960
57963
57963
57967
57969
57976
57979
57984
57985
57991
57993
57995
58005
58006
58013
58018
58022
58025
58029
58030
58030
58030
58031
58033
58035
58036
58037
58040
58042
58048
58050
58055
58059
58072
58072
58073
58074
58084
58087
58093
58093
58101
58107
58108
58109
58113
58115
58119
58123
58128
58134
58135
58135
58137
58149
58154
58162
58163
58167
58170
58178
58179
58179
58181
58182
58182
58186
58190
58194
58197
58200
58208
58212
58212
58213
58215
58216
58219
58219
58223
58225
58241
58244
58248
58251
58252
58257
58258
58258
58260
58262
58266
58270
58272
58279
58285
58286
58286
58294
58296
58303
58318
58320
58325
58326
58327
58332
58332
58336
58345
58349
58355
58358
58360
58364
58364
58366
58367
58374
58379
58380
58388
58390
58397
58420
58433
58439
58440
58442
58443
58443
58443
58445
58450
58468
58474
58480
58480
58480
58486
58494
58497
58506
58507
58517
58520
58520
58525
58533
58535
58542
58547
58552
58553
58554
58557
58566
58566
58567
58570
58574
58578
58581
58581
58587
58588
58591
58591
58593
58594
58597
58597
58604
58609
58616
58619
58620
58628
58644
58645
58649
58654
58659
58672
58678
58680
58682
58697
58698
58700
58702
58702
58714
58716
58716
58718
58737
58755
58756
58761
58771
58776
58776
58780
58781
58782
58791
58794
58796
58804
58814
58819
58820
58826
58831
58854
58860
58860
58863
58863
58875
58875
58875
58877
58878
58879
58883
58885
58890
58915
58917
58918
58920
58921
58924
58927
58938
58941
58952
58957
58958
58976
58979
58980
58984
58984
58990
58995
58998
59007
59016
59020
59025
59030
59032
59036
59037
59038
59039
59041
59044
59044
59047
59055
59066
59067
59067
59068
59069
59070
59071
59074
59080
59085
59091
59095
59095
59099
59099
59104
59105
59114
59117
59121
59123
59125
59125
59128
59139
59145
59148
59163
59163
59168
59168
59174
59175
59177
59179
59180
59193
59193
59198
59198
59204
59211
59216
59221
59223
59229
59229
59234
59237
59242
59253
59253
59256
59265
59271
59273
59276
59281
59286
59286
59298
59298
59303
59305
59305
59310
59313
59314
59322
59324
59338
59346
59347
59355
59361
59375
59378
59385
59387
59390
59391
59393
59398
59399
59404
59405
59407
59408
59414
59415
59427
59430
59434
59450
59452
59452
59454
59456
59457
59457
59458
59459
59465
59474
59476
59476
59483
59485
59486
59491
59499
59501
59510
59510
59513
59517
59520
59522
59533
59535
59539
59540
59541
59546
59546
59547
59558
59561
59561
59563
59565
59567
59581
59582
59601
59611
59611
59612
59619
59622
59628
59628
59631
59631
59633
59642
59642
59643
59665
59667
59675
59676
59677
59678
59690
59691
59695
59696
59697
59700
59702
59704
59708
59708
59712
59712
59713
59718
59721
59723
59727
59728
59730
59731
59733
59737
59738
59744
59749
59749
59752
59754
59760
59772
59776
59777
59778
59778
59781
59782
59785
59797
59806
59811
59812
59814
59817
59820
59820
59826
59830
59835
59835
59839
59839
59841
59841
59843
59843
59844
59848
59854
59856
59857
59858
59867
59869
59875
59882
59884
59884
59888
59896
59901
59907
59908
59917
59918
59929
59929
59941
59966
59968
59978
59983
59985
59992
59993
59995
59996
60001
60006
60006
60007
60011
60022
60025
60026
60030
60033
60034
60039
60039
60041
60067
60068
60072
60075
60079
60086
60091
60092
60095
60098
60102
60105
60106
60112
60113
60114
60114
60117
60127
60128
60131
60140
60143
60150
60152
60154
60168
60171
60175
60176
60177
60187
60192
60197
60200
60201
60202
60205
60209
60209
60209
60211
60216
60216
60221
60221
60223
60223
60228
60230
60238
60241
60244
60248
60254
60257
60258
60261
60262
60263
60268
60274
60275
60280
60284
60285
60288
60289
60310
60319
60320
60326
60332
60332
60333
60337
60342
60345
60355
60358
60363
60371
60373
60373
60375
60375
60389
60389
60389
60394
60402
60404
60412
60418
60425
60431
60436
60441
60447
60453
60457
60457
60466
60467
60471
60472
60474
60477
60481
60490
60497
60504
60507
60508
60509
60511
60513
60513
60519
60521
60522
60524
60524
60531
60532
60532
60546
60547
60547
60550
60558
60566
60567
60569
60574
60575
60580
60580
60590
60593
60601
60612
60616
60617
60622
60630
60635
60637
60640
60641
60645
60646
60656
60657
60660
60663
60671
60678
60685
60687
60689
60691
60699
60702
60703
60705
60720
60724
60734
60739
60741
60745
60748
60750
60753
60753
60753
60757
60759
60759
60765
60768
60770
60779
60785
60791
60793
60799
60800
60803
60807
60810
60813
60829
60832
60833
60838
60843
60847
60848
60848
60850
60850
60861
60862
60873
60884
60885
60892
60895
60895
60896
60896
60899
60899
60899
60912
60914
60915
60916
60917
60918
60923
60925
60925
60927
60929
60937
60942
60942
60944
60949
60954
60955
60956
60959
60962
60965
60966
60971
60975
60976
60978
60978
60990
60991
60993
60994
60994
60996
60998
61001
61013
61023
61025
61026
61028
61037
61038
61041
61042
61043
61048
61055
61056
61056
61058
61061
61064
61072
61073
61075
61075
61083
61084
61085
61086
61098
61100
61114
61127
61128
61129
61135
61136
61140
61148
61149
61154
61154
61158
61160
61161
61162
61165
61213
61215
61216
61218
61220
61222
61223
61225
61226
61226
61233
61233
61239
61241
61259
61261
61265
61269
61272
61274
61275
61280
61294
61299
61303
61304
61316
61319
61322
61323
61332
61336
61336
61339
61339
61346
61348
61357
61359
61360
61362
61363
61365
61366
61367
61370
61372
61378
61378
61382
61382
61385
61388
61391
61394
61399
61400
61406
61406
61412
61413
61414
61417
61423
61428
61430
61434
61436
61439
61444
61446
61450
61452
61455
61456
61464
61468
61476
61476
61482
61489
61503
61503
61507
61524
61525
61533
61533
61536
61538
61547
61555
61555
61559
61563
61565
61567
61572
61583
61584
61585
61590
61590
61606
61606
61614
61615
61625
61628
61629
61629
61629
61631
61643
61643
61644
61645
61645
61658
61676
61678
61680
61680
61684
61691
61693
61698
61698
61715
61715
61716
61718
61722
61727
61728
61731
61734
61737
61737
61743
61746
61749
61751
61752
61753
61754
61756
61757
61759
61759
61779
61779
61786
61786
61800
61804
61809
61814
61814
61819
61824
61833
61840
61844
61852
61857
61863
61863
61867
61871
61876
61876
61879
61886
61886
61890
61892
61893
61897
61897
61898
61909
61913
61932
61933
61937
61939
61945
61946
61948
61949
61951
61952
61953
61955
61961
61964
61971
61977
61981
61984
61989
61990
61991
62011
62022
62026
62029
62030
62032
62040
62058
62071
62082
62085
62090
62100
62112
62113
62122
62125
62135
62136
62137
62147
62148
62154
62159
62160
62163
62167
62181
62190
62207
62211
62212
62213
62215
62218
62220
62221
62225
62227
62234
62236
62256
62260
62266
62268
62275
62276
62279
62288
62290
62296
62298
62303
62306
62307
62322
62327
62329
62331
62332
62333
62334
62340
62354
62358
62364
62379
62379
62383
62385
62386
62388
62391
62400
62407
62413
62414
62415
62423
62431
62435
62435
62437
62437
62439
62453
62455
62467
62469
62477
62484
62485
62486
62487
62492
62492
62497
62498
62503
62505
62506
62506
62510
62514
62516
62517
62517
62525
62526
62531
62531
62534
62542
62543
62544
62546
62549
62554
62555
62559
62564
62566
62568
62570
62573
62584
62589
62593
62596
62598
62599
62602
62608
62609
62610
62618
62625
62626
62627
62650
62650
62652
62657
62664
62667
62674
62682
62682
62685
62694
62696
62702
62704
62710
62711
62712
62729
62730
62731
62734
62743
62752
62760
62769
62772
62776
62777
62782
62782
62784
62784
62806
62806
62809
62814
62821
62823
62828
62830
62836
62851
62853
62855
62856
62863
62866
62875
62876
62880
62884
62888
62889
62891
62902
62902
62903
62907
62912
62916
62921
62930
62940
62949
62957
62959
62959
62964
62965
62977
62992
63009
63013
63018
63019
63020
63036
63039
63055
63064
63070
63074
63076
63077
63078
63082
63082
63085
63086
63089
63093
63099
63101
63105
63110
63112
63113
63114
63116
63117
63120
63133
63133
63134
63136
63138
63142
63149
63153
63162
63177
63180
63181
63181
63183
63189
63193
63195
63201
63208
63209
63210
63211
63217
63218
63222
63222
63228
63229
63233
63234
63234
63237
63240
63244
63246
63247
63254
63254
63268
63275
63277
63282
63286
63291
63302
63304
63310
63310
63312
63314
63322
63327
63329
63335
63344
63345
63346
63356
63357
63378
63386
63396
63397
63398
63398
63399
63401
63403
63409
63411
63413
63414
63420
63420
63430
63430
63431
63435
63437
63448
63449
63451
63466
63469
63469
63479
63483
63488
63491
63496
63498
63501
63507
63512
63527
63528
63528
63529
63530
63532
63533
63536
63536
63540
63543
63545
63550
63553
63556
63560
63563
63563
63566
63568
63569
63570
63575
63579
63581
63583
63583
63588
63589
63590
63590
63594
63595
63601
63605
63619
63621
63622
63627
63628
63629
63631
63632
63632
63634
63652
63656
63656
63661
63669
63675
63677
63677
63679
63681
63685
63687
63687
63688
63690
63690
63694
63695
63696
63707
63709
63710
63711
63727
63731
63732
63735
63740
63741
63746
63751
63753
63755
63756
63765
63780
63782
63793
63797
63798
63800
63801
63803
63804
63817
63818
63824
63826
63833
63837
63841
63851
63857
63858
63858
63859
63861
63865
63870
63884
63885
63886
63888
63889
63889
63904
63905
63914
63918
63925
63933
63935
63940
63950
63977
63977
63984
63991
63992
64003
64021
64032
64034
64038
64044
64046
64056
64057
64067
64069
64071
64072
64076
64077
64080
64081
64084
64085
64091
64102
64107
64110
64112
64113
64115
64117
64120
64123
64129
64132
64139
64140
64144
64146
64147
64150
64156
64159
64168
64168
64182
64182
64190
64190
64196
64199
64200
64214
64231
64241
64244
64251
64255
64257
64258
64258
64267
64273
64285
64286
64289
64292
64302
64304
64305
64318
64323
64330
64331
64332
64332
64336
64339
64341
64344
64345
64350
64355
64356
64361
64362
64362
64368
64369
64369
64391
64396
64396
64396
64404
64406
64409
64418
64423
64423
64425
64437
64443
64443
64444
64447
64450
64454
64460
64462
64465
64466
64471
64473
64475
64475
64475
64479
64481
64486
64490
64490
64494
64499
64512
64522
64529
64539
64541
64543
64543
64543
64551
64555
64555
64563
64572
64574
64578
64582
64582
64589
64591
64597
64599
64602
64605
64607
64607
64608
64609
64611
64625
64627
64641
64641
64643
64649
64655
64663
64666
64669
64669
64669
64679
64690
64701
64703
64703
64712
64714
64718
64724
64726
64728
64729
64731
64746
64757
64759
64760
64762
64769
64773
64775
64776
64778
64782
64783
64784
64787
64789
64790
64798
64799
64804
64804
64806
64807
64813
64814
64814
64815
64816
64818
64819
64825
64843
64844
64860
64863
64868
64882
64884
64889
64891
64893
64894
64909
64917
64925
64927
64928
64935
64938
64938
64939
64941
64943
64947
64948
64959
64962
64964
64967
64981
64982
64983
64984
64984
64985
64988
64988
64990
64992
64992
64995
64996
65001
65005
65009
65011
65012
65013
65018
65020
65023
65037
65039
65042
65043
65043
65049
65049
65061
65071
65079
65082
65086
65087
65099
65100
65109
65110
65111
65112
65125
65128
65131
65133
65134
65136
65148
65151
65151
65151
65157
65159
65164
65170
65174
65177
65179
65182
65183
65187
65188
65188
65194
65204
65211
65213
65213
65216
65218
65222
65233
65245
65247
65247
65248
65248
65265
65274
65277
65282
65288
65290
65292
65293
65297
65297
65300
65302
65305
65306
65310
65312
65318
65320
65322
65322
65339
65339
65348
65358
65359
65363
65374
65375
65378
65380
65386
65389
65390
65392
65395
65398
65399
65409
65410
65411
65413
65414
65423
65432
65435
65442
65448
65451
65451
65451
65453
65458
65459
65462
65484
65485
65486
65499
65500
65510
65516
65524
65525
65527
65528
65530
65535
