data size: 12 :
2 6 8 16 27 28 36 38 43 47 51 55 
data size: 24 :
2 4 6 8 16 18 20 23 27 28 30 31 32 36 38 43 47 49 50 51 53 55 57 59 
data size: 36 :
2 4 6 8 9 13 16 17 18 19 20 21 23 26 27 28 29 30 31 32 34 35 36 38 42 43 47 48 49 50 51 52 53 55 57 59 
data size: 48 :
2 3 4 5 6 8 9 11 12 13 14 16 17 18 19 20 21 23 25 26 27 28 29 30 31 32 34 35 36 38 41 42 43 44 46 47 48 49 50 51 52 53 54 55 57 58 59 60 
data size: 60 :
1 2 3 4 5 6 7 8 9 10 11 12 13 14 15 16 17 18 19 20 21 22 23 24 25 26 27 28 29 30 31 32 33 34 35 36 37 38 39 40 41 42 43 44 45 46 47 48 49 50 51 52 53 54 55 56 57 58 59 60 
