data size: 12 :
6 2 16 28 27 8 38 47 43 55 51 36 
data size: 24 :
2 6 4 16 8 23 20 30 28 32 31 27 18 38 47 50 49 43 53 57 59 55 51 36 
data size: 36 :
2 6 4 9 17 16 13 8 19 20 26 23 21 28 30 29 32 35 34 31 27 18 42 38 48 47 50 49 43 52 53 57 59 55 51 36 
data size: 48 :
3 2 5 6 4 9 12 11 14 17 16 13 8 19 20 23 26 25 21 28 30 29 32 35 34 31 27 18 38 42 41 44 46 43 48 50 49 47 52 54 53 58 57 60 59 55 51 36 
data size: 60 :
1 3 2 5 7 6 4 10 9 12 11 15 14 17 16 13 8 19 20 22 24 23 26 25 21 28 30 29 33 32 35 34 31 27 18 37 40 39 38 42 44 46 45 43 41 48 50 49 47 52 54 53 56 58 57 60 59 55 51 36 
