data size: 12 :
36 8 2 6 27 16 28 51 43 38 47 55 
data size: 24 :
36 18 8 4 2 6 16 27 20 23 31 28 30 32 51 43 38 49 47 50 55 53 59 57 
data size: 36 :
36 18 8 4 2 6 13 9 16 17 27 21 20 19 23 26 31 29 28 30 34 32 35 51 43 38 42 49 47 48 50 55 53 52 59 57 
data size: 48 :
36 18 8 4 2 3 6 5 13 11 9 12 16 14 17 27 21 20 19 25 23 26 31 29 28 30 34 32 35 51 47 43 41 38 42 46 44 49 48 50 55 53 52 54 59 57 58 60 
data size: 60 :
36 18 8 4 2 1 3 6 5 7 13 11 9 10 12 16 14 15 17 27 21 20 19 25 23 22 24 26 31 29 28 30 34 32 33 35 51 47 41 38 37 39 40 43 42 45 44 46 49 48 50 55 53 52 54 59 57 56 58 60 
