533
687
757
1149
1195
1824
1839
2243
2904
3084
3167
3233
3254
3648
3855
4384
4541
4572
4907
5054
5102
5327
5331
5579
6630
6640
6661
6678
6943
6956
7873
8109
8296
8854
9431
9820
10548
10839
10975
11051
11365
11453
11567
11786
11950
12039
12203
12215
12629
12911
13154
13283
13383
13891
14007
14368
14477
14748
15025
15356
15467
15729
16425
16529
16549
16559
17279
17372
17729
18114
18241
18521
18691
18760
19018
19091
19196
19624
20021
20097
20245
20293
20372
20515
20982
21265
21339
21575
21650
21833
22238
22471
22661
22853
22869
22988
23372
23401
23623
24368
24385
24525
25058
25322
26551
26580
27621
27879
27887
28263
28414
28429
28537
28749
28874
28956
28965
29156
29274
30403
30640
30778
30883
31401
32911
32964
33526
33763
33908
34260
34706
35014
35114
35363
35372
35389
35799
35815
35842
35865
36141
36752
36936
37568
37793
37820
37853
37911
38248
38274
38795
39097
39595
39765
40529
40577
40895
41133
41231
41358
41441
41714
41881
41914
42151
42773
42834
43965
44006
44026
44275
44843
45121
45152
45251
45498
46233
46241
46302
46708
46832
47087
47130
47140
47325
47638
47654
47826
48059
48083
48246
48686
48755
48824
48907
49108
49565
49575
49809
49890
50021
50048
50347
50477
51545
51796
51843
51867
51965
52280
52545
52692
52978
52985
53353
53391
53466
54372
54500
54760
55185
55388
55474
55508
55593
55843
56288
56319
56561
56788
56804
57661
57763
57814
57967
58320
58578
58597
59025
59253
59375
59522
59929
60209
60284
60975
61990
62296
62298
62959
63449
63527
64356
64361
64475
64927
