15
38
270
286
298
310
323
401
420
476
533
548
594
650
687
703
757
799
841
869
880
970
994
1015
1060
1062
1067
1094
1131
1149
1171
1184
1195
1254
1302
1388
1449
1489
1492
1530
1598
1649
1666
1694
1723
1741
1760
1787
1824
1839
1866
1870
1919
1921
1948
2044
2155
2172
2178
2243
2247
2285
2287
2319
2338
2359
2397
2512
2513
2530
2531
2539
2614
2678
2684
2694
2710
2788
2855
2881
2904
2987
3001
3023
3035
3041
3084
3114
3128
3167
3198
3206
3223
3225
3233
3254
3258
3275
3301
3320
3332
3350
3425
3503
3520
3526
3566
3609
3637
3648
3657
3666
3714
3749
3755
3765
3855
3899
3936
3938
3946
3957
4010
4052
4151
4219
4273
4287
4290
4343
4372
4384
4454
4468
4476
4486
4502
4525
4540
4541
4544
4572
4601
4703
4770
4812
4831
4856
4891
4900
4907
4915
4985
4997
5054
5061
5063
5102
5171
5256
5290
5322
5326
5327
5331
5332
5334
5351
5375
5384
5432
5473
5507
5509
5515
5533
5549
5579
5609
5641
5642
5718
5758
5781
5794
5834
5900
5906
5911
5916
5917
5937
5993
6007
6089
6089
6094
6147
6167
6241
6256
6291
6293
6350
6356
6357
6435
6435
6438
6494
6504
6505
6533
6560
6566
6630
6631
6635
6640
6653
6661
6678
6706
6760
6771
6784
6804
6894
6924
6931
6943
6946
6956
7004
7019
7029
7125
7218
7247
7308
7316
7324
7328
7343
7423
7435
7450
7456
7457
7550
7580
7597
7658
7675
7694
7698
7702
7711
7752
7835
7864
7873
7892
7894
7968
8033
8070
8105
8109
8133
8150
8170
8182
8233
8287
8296
8367
8402
8404
8420
8458
8465
8532
8543
8633
8669
8720
8731
8746
8755
8775
8854
8856
8940
8993
9021
9027
9027
9038
9129
9164
9305
9320
9323
9324
9344
9359
9385
9403
9431
9433
9580
9612
9773
9820
9871
9881
9900
9916
9946
10018
10023
10108
10144
10199
10205
10212
10269
10313
10362
10370
10386
10484
10494
10501
10548
10629
10630
10635
10675
10729
10791
10806
10818
10827
10839
10840
10845
10857
10892
10975
10983
10986
10991
10992
10998
11033
11051
11103
11115
11164
11236
11257
11365
11414
11417
11420
11434
11453
11473
11485
11485
11530
11550
11567
11597
11600
11635
11636
11645
11674
11704
11724
11738
11741
11756
11765
11768
11786
11817
11880
11897
11911
11933
11940
11945
11950
11962
12019
12026
12039
12105
12116
12120
12124
12165
12166
12203
12215
12257
12288
12289
12308
12337
12357
12372
12373
12434
12451
12475
12479
12520
12525
12535
12566
12574
12578
12582
12629
12632
12752
12756
12841
12911
12954
12961
13057
13154
13200
13283
13310
13383
13388
13400
13447
13451
13460
13470
13532
13557
13558
13574
13578
13689
13747
13754
13833
13836
13838
13891
13934
13935
14007
14008
14012
14058
14059
14072
14114
14145
14165
14187
14205
14265
14327
14368
14368
14477
14565
14579
14595
14600
14641
14710
14748
14876
14909
14920
14923
14926
14939
14966
14966
14987
15017
15025
15093
15215
15348
15356
15402
15464
15467
15471
15502
15507
15515
15630
15667
15679
15713
15729
15741
15819
15864
15880
15908
15920
15921
15955
15967
15979
15981
16007
16007
16040
16082
16092
16097
16140
16167
16221
16226
16260
16285
16299
16342
16377
16382
16412
16425
16430
16441
16472
16529
16529
16549
16559
16630
16645
16652
16682
16866
16877
16933
16942
16994
16995
17075
17141
17159
17197
17262
17279
17324
17366
17372
17446
17527
17619
17686
17693
17715
17724
17729
17749
17756
17787
17811
17846
17871
17881
17883
17886
17937
17962
18080
18114
18183
18189
18241
18241
18263
18278
18293
18322
18346
18390
18480
18502
18521
18523
18561
18574
18580
18645
18691
18696
18705
18725
18760
18779
18784
18784
18798
18851
18852
18887
18917
18945
18962
18973
18974
19018
19026
19030
19034
19043
19057
19067
19091
19130
19182
19196
19229
19266
19286
19308
19352
19355
19450
19480
19538
19608
19613
19624
19638
19681
19707
19770
19798
19816
19836
19870
19879
19962
19971
20021
20032
20064
20072
20097
20145
20171
20201
20245
20269
20293
20372
20380
20402
20415
20416
20419
20435
20473
20515
20519
20524
20528
20671
20684
20698
20728
20757
20761
20873
20882
20896
20982
21003
21021
21088
21096
21106
21107
21152
21155
21257
21265
21331
21339
21406
21452
21467
21500
21527
21575
21583
21618
21633
21639
21650
21718
21814
21833
21844
21859
21873
21952
21973
21994
22033
22088
22094
22102
22128
22156
22215
22238
22251
22291
22314
22321
22356
22364
22471
22513
22518
22549
22587
22661
22706
22708
22737
22754
22773
22809
22834
22847
22853
22869
22896
22988
23030
23075
23133
23149
23157
23162
23187
23208
23244
23254
23256
23372
23399
23401
23423
23425
23466
23491
23525
23544
23591
23623
23646
23652
23671
23717
23743
23754
23757
23758
23797
23828
23894
23904
23910
23968
23976
23980
24158
24162
24179
24242
24259
24282
24285
24303
24344
24361
24368
24385
24509
24520
24525
24651
24703
24716
24828
24836
24999
25005
25022
25033
25058
25126
25151
25189
25203
25233
25276
25296
25322
25324
25344
25360
25433
25480
25491
25516
25532
25586
25600
25624
25677
25734
25821
25869
25879
25894
25970
25980
25989
26064
26091
26159
26211
26350
26405
26408
26447
26470
26509
26551
26580
26587
26627
26638
26653
26662
26682
26704
26711
26731
26732
26758
26764
26781
26796
26837
26863
26934
26980
27101
27114
27131
27141
27259
27301
27304
27444
27459
27510
27512
27560
27579
27618
27619
27621
27632
27699
27717
27827
27847
27852
27853
27879
27887
28013
28073
28081
28086
28096
28202
28217
28219
28227
28235
28240
28263
28304
28314
28383
28414
28424
28427
28428
28429
28430
28487
28537
28558
28570
28588
28605
28638
28672
28726
28749
28822
28859
28874
28914
28956
28965
28984
29017
29024
29037
29041
29104
29106
29156
29210
29224
29230
29274
29277
29284
29354
29464
29503
29522
29599
29659
29667
29695
29701
29714
29730
29738
29837
29851
29917
29934
30063
30091
30104
30125
30150
30167
30181
30182
30193
30245
30249
30314
30355
30355
30372
30392
30403
30497
30510
30640
30684
30736
30748
30756
30769
30778
30779
30841
30853
30883
30960
31022
31036
31096
31110
31127
31181
31199
31220
31223
31245
31247
31351
31352
31360
31401
31468
31481
31525
31604
31618
31643
31662
31756
31760
31775
31783
31816
31817
31906
31944
32008
32051
32056
32102
32103
32167
32217
32279
32280
32314
32399
32419
32438
32491
32501
32528
32536
32545
32589
32785
32813
32849
32867
32908
32911
32919
32964
33065
33108
33169
33193
33222
33240
33310
33322
33337
33356
33359
33469
33526
33570
33571
33597
33640
33652
33684
33684
33693
33703
33705
33763
33816
33854
33866
33888
33900
33901
33908
33915
34068
34072
34077
34164
34218
34235
34241
34241
34254
34260
34316
34375
34415
34477
34481
34491
34543
34563
34648
34706
34750
34790
34896
34903
34904
34910
34938
34943
35014
35039
35064
35069
35114
35216
35238
35250
35287
35296
35301
35326
35363
35372
35379
35389
35391
35421
35451
35480
35488
35488
35499
35500
35505
35590
35736
35799
35815
35842
35857
35865
35896
35908
35926
35953
35979
35998
36025
36042
36141
36142
36149
36181
36191
36304
36326
36327
36330
36353
36359
36424
36429
36452
36498
36521
36557
36688
36722
36733
36752
36757
36770
36829
36859
36936
36939
36942
36960
37023
37120
37173
37198
37209
37274
37316
37324
37362
37381
37387
37478
37502
37509
37557
37568
37605
37774
37793
37801
37820
37841
37842
37853
37910
37911
37949
38097
38134
38177
38248
38273
38274
38302
38324
38404
38419
38447
38464
38536
38542
38596
38623
38636
38671
38682
38690
38729
38779
38787
38795
38839
38845
38922
38967
38991
39092
39097
39098
39118
39124
39141
39167
39169
39182
39217
39315
39376
39494
39595
39608
39707
39712
39716
39721
39765
39772
39781
39838
39853
39901
39916
40021
40063
40063
40087
40090
40101
40163
40194
40216
40226
40263
40297
40373
40501
40504
40510
40529
40577
40581
40608
40722
40746
40803
40840
40895
40902
40909
40914
40939
41036
41082
41107
41108
41121
41127
41133
41141
41143
41172
41199
41220
41231
41333
41358
41423
41423
41441
41476
41507
41547
41548
41558
41567
41577
41599
41684
41714
41722
41765
41770
41851
41865
41877
41881
41901
41914
41925
41995
42059
42070
42095
42117
42121
42151
42155
42175
42176
42295
42364
42372
42465
42503
42606
42676
42678
42698
42701
42718
42747
42773
42819
42834
42951
42962
43016
43067
43118
43147
43323
43457
43462
43485
43496
43512
43532
43548
43629
43633
43688
43690
43707
43813
43892
43924
43965
44006
44026
44030
44056
44065
44078
44121
44238
44275
44305
44321
44323
44385
44426
44480
44481
44516
44553
44565
44642
44771
44809
44821
44843
44863
44889
44891
44914
44918
44964
44970
45000
45008
45041
45057
45101
45109
45121
45139
45150
45152
45161
45214
45251
45265
45273
45318
45331
45345
45346
45443
45460
45476
45498
45612
45649
45676
45712
45743
45841
45847
45948
46009
46024
46036
46044
46084
46118
46233
46241
46244
46273
46302
46337
46342
46384
46415
46447
46455
46482
46499
46508
46510
46538
46557
46581
46607
46628
46633
46639
46680
46683
46684
46686
46708
46709
46715
46717
46799
46822
46831
46832
46925
47054
47087
47094
47125
47130
47140
47169
47179
47187
47238
47261
47269
47325
47394
47448
47490
47500
47511
47540
47550
47638
47646
47654
47664
47723
47762
47790
47808
47826
47840
47864
47903
47965
47967
48059
48077
48083
48087
48154
48163
48194
48206
48238
48246
48272
48291
48347
48348
48478
48482
48520
48570
48633
48638
48663
48679
48686
48720
48755
48824
48889
48907
48960
48969
49026
49068
49082
49108
49123
49189
49215
49275
49284
49289
49291
49341
49376
49379
49390
49391
49437
49437
49455
49487
49493
49565
49575
49588
49650
49678
49698
49731
49764
49767
49773
49808
49809
49859
49870
49881
49890
49920
49933
49988
50021
50048
50064
50122
50166
50174
50185
50216
50218
50261
50265
50267
50321
50323
50347
50356
50433
50443
50477
50519
50622
50630
50658
50660
50664
50708
50815
50844
50888
50920
50953
50994
51068
51078
51208
51211
51250
51254
51321
51340
51372
51387
51394
51458
51508
51545
51719
51743
51744
51756
51776
51796
51826
51829
51843
51851
51867
51886
51926
51942
51965
52206
52280
52284
52318
52396
52404
52468
52545
52603
52629
52692
52769
52790
52816
52819
52853
52866
52978
52985
53018
53055
53185
53279
53326
53353
53391
53395
53414
53424
53426
53466
53490
53490
53593
53612
53617
53680
53684
53697
53711
53794
53861
53893
53918
54005
54015
54023
54061
54135
54173
54192
54220
54222
54246
54283
54320
54348
54366
54368
54370
54372
54411
54455
54500
54629
54689
54759
54760
54761
54780
54784
54897
54932
55052
55070
55145
55148
55185
55186
55189
55235
55281
55303
55336
55388
55399
55405
55461
55474
55508
55578
55593
55604
55605
55607
55669
55702
55746
55752
55768
55769
55843
55873
56013
56018
56022
56034
56051
56060
56103
56175
56194
56230
56235
56264
56271
56288
56290
56319
56482
56561
56562
56563
56588
56609
56616
56681
56696
56788
56804
56805
56840
56860
56882
56892
56910
56913
56959
56994
57033
57090
57112
57117
57167
57172
57187
57199
57266
57323
57358
57411
57534
57612
57623
57634
57652
57658
57661
57756
57763
57790
57806
57814
57817
57915
57967
58022
58025
58042
58178
58182
58186
58215
58320
58325
58326
58345
58442
58520
58533
58578
58594
58597
58628
58644
58714
58776
58875
58878
58915
58952
59020
59025
59095
59104
59121
59125
59163
59193
59223
59253
59265
59286
59305
59322
59375
59457
59457
59485
59522
59612
59622
59631
59642
59712
59733
59817
59841
59843
59843
59884
59929
60006
60007
60022
60086
60091
60112
60113
60131
60175
60187
60200
60209
60211
60216
60223
60228
60284
60285
60345
60358
60363
60373
60418
60471
60519
60546
60612
60663
60671
60702
60765
60770
60813
60892
60899
60914
60918
60929
60959
60975
60976
61028
61056
61135
61154
61158
61215
61239
61241
61261
61336
61359
61382
61388
61406
61406
61446
61482
61533
61538
61555
61563
61590
61715
61749
61752
61786
61814
61824
61833
61863
61897
61933
61948
61955
61990
62137
62154
62190
62221
62227
62296
62298
62327
62354
62358
62435
62437
62453
62525
62526
62549
62559
62584
62650
62652
62782
62903
62921
62959
63086
63093
63112
63181
63229
63234
63240
63254
63344
63435
63449
63469
63479
63527
63536
63543
63563
63605
63634
63656
63661
63711
63735
63753
63889
63904
63914
63977
64046
64077
64129
64159
64257
64305
64355
64356
64361
64362
64369
64391
64475
64529
64555
64589
64625
64669
64712
64807
64814
64825
64927
64928
64947
64948
64962
65012
65043
65049
65086
65151
65177
65179
65187
65211
65213
65265
65277
65297
65312
65374
65395
65451
65462
65486
65525
65527
65528
